mA tanb xsec_gg_H180.0 1.0 17.76628685
180.0 1.11 16.7634983063
180.0 1.22 16.2192344666
180.0 1.33 16.2192344666
180.0 1.44 15.8036556244
180.0 1.55 14.6630058289
180.0 1.66 14.282579422
180.0 1.77 14.282579422
180.0 1.88 13.9026222229
180.0 1.99 13.148645401
180.0 2.1 13.148645401
180.0 2.21 12.4165487289
180.0 2.32 12.4165487289
180.0 2.43 11.7173709869
180.0 2.54 11.3833990097
180.0 2.65 10.7503652573
180.0 2.76 10.7503652573
180.0 2.87 10.1662731171
180.0 2.98 9.89288520813
180.0 3.09 9.89288520813
180.0 3.2 9.38358211517
180.0 3.31 9.38358211517
180.0 3.42 8.92105102539
180.0 3.53 8.70740795135
180.0 3.64 8.70740795135
180.0 3.75 8.3150434494
180.0 3.86 7.96643686295
180.0 3.97 7.80731678009
180.0 4.08 7.80731678009
180.0 4.19 7.65768909454
180.0 4.3 7.38537120819
180.0 4.41 7.26212406158
180.0 4.52 7.14700603485
180.0 4.63 7.14700603485
180.0 4.74 7.03969573975
180.0 4.85 6.76131343842
180.0 4.96 6.68192434311
180.0 5.07 6.68192434311
180.0 5.18 6.60898113251
180.0 5.29 6.48082113266
185.0 1.0 17.7134037018
185.0 1.11 16.8087730408
185.0 1.22 16.14610672
185.0 1.33 16.14610672
185.0 1.44 15.5898675919
185.0 1.55 14.1068305969
185.0 1.66 13.6432552338
185.0 1.77 13.6432552338
185.0 1.88 13.1930541992
185.0 1.99 12.3316192627
185.0 2.1 12.3316192627
185.0 2.21 11.5277929306
185.0 2.32 11.5277929306
185.0 2.43 10.783914566
185.0 2.54 10.4359350204
185.0 2.65 9.78658866882
185.0 2.76 9.78658866882
185.0 2.87 9.19876384735
185.0 2.98 8.92632293701
185.0 3.09 8.92632293701
185.0 3.2 8.42504119873
185.0 3.31 8.42504119873
185.0 3.42 7.97687292099
185.0 3.53 7.77106761932
185.0 3.64 7.77106761932
185.0 3.75 7.3956284523
185.0 3.86 7.06464338303
185.0 3.97 6.91456747055
185.0 4.08 6.91456747055
185.0 4.19 6.77388906479
185.0 4.3 6.51907444
185.0 4.41 6.4041056633
185.0 4.52 6.29687213898
185.0 4.63 6.29687213898
185.0 4.74 6.19716596603
185.0 4.85 5.93945026398
185.0 4.96 5.86627817154
185.0 5.07 5.86627817154
185.0 5.18 5.79893064499
185.0 5.29 5.68085002899
190.0 1.0 17.6887264252
190.0 1.11 16.7445735931
190.0 1.22 15.9548492432
190.0 1.33 15.9548492432
190.0 1.44 15.2734479904
190.0 1.55 13.5122337341
190.0 1.66 12.9854593277
190.0 1.77 12.9854593277
190.0 1.88 12.4834022522
190.0 1.99 11.5474014282
190.0 2.1 11.5474014282
190.0 2.21 10.698638916
190.0 2.32 10.698638916
190.0 2.43 9.93203735352
190.0 2.54 9.57902622223
190.0 2.65 8.92844963074
190.0 2.76 8.92844963074
190.0 2.87 8.34804534912
190.0 2.98 8.08187580109
190.0 3.09 8.08187580109
190.0 3.2 7.59506845474
190.0 3.31 7.59506845474
190.0 3.42 7.16584777832
190.0 3.53 6.96973466873
190.0 3.64 6.96973466873
190.0 3.75 6.61372995377
190.0 3.86 6.30163478851
190.0 3.97 6.16083812714
190.0 4.08 6.16083812714
190.0 4.19 6.02927684784
190.0 4.3 5.79185390472
190.0 4.41 5.68509292603
190.0 4.52 5.58574438095
190.0 4.63 5.58574438095
190.0 4.74 5.49341106415
190.0 4.85 5.25522327423
190.0 4.96 5.18775510788
190.0 5.07 5.18775510788
190.0 5.18 5.12575626373
190.0 5.29 5.01707601547
195.0 1.0 17.6108760834
195.0 1.11 16.5850162506
195.0 1.22 15.6765365601
195.0 1.33 15.6765365601
195.0 1.44 14.8881912231
195.0 1.55 12.9057149887
195.0 1.66 12.3320074081
195.0 1.77 12.3320074081
195.0 1.88 11.7933082581
195.0 1.99 10.8082532883
195.0 2.1 10.8082532883
195.0 2.21 9.93458271027
195.0 2.32 9.93458271027
195.0 2.43 9.16076755524
195.0 2.54 8.80840492249
195.0 2.65 8.16705608368
195.0 2.76 8.16705608368
195.0 2.87 7.6006155014
195.0 2.98 7.34356307983
195.0 3.09 7.34356307983
195.0 3.2 6.87590551376
195.0 3.31 6.87590551376
195.0 3.42 6.46642065048
195.0 3.53 6.28132772446
195.0 3.64 6.28132772446
195.0 3.75 5.94538211823
195.0 3.86 5.65223407745
195.0 3.97 5.52019309998
195.0 4.08 5.52019309998
195.0 4.19 5.39725923538
195.0 4.3 5.17622470856
195.0 4.41 5.07705307007
195.0 4.52 4.98488616943
195.0 4.63 4.98488616943
195.0 4.74 4.89935827255
195.0 4.85 4.67904233932
195.0 4.96 4.61665630341
195.0 5.07 4.61665630341
195.0 5.18 4.55936336517
195.0 5.29 4.4589176178
200.0 1.0 17.4679927826
200.0 1.11 16.3507442474
200.0 1.22 15.3372011185
200.0 1.33 15.3372011185
200.0 1.44 14.4599761963
200.0 1.55 12.3050279617
200.0 1.66 11.6977701187
200.0 1.77 11.6977701187
200.0 1.88 11.1342802048
200.0 1.99 10.1196432114
200.0 2.1 10.1196432114
200.0 2.21 9.23585414886
200.0 2.32 9.23585414886
200.0 2.43 8.465716362
200.0 2.54 8.11815166473
200.0 2.65 7.49121618271
200.0 2.76 7.49121618271
200.0 2.87 6.94429302216
200.0 2.98 6.69705629349
200.0 3.09 6.69705629349
200.0 3.2 6.25064229965
200.0 3.31 6.25064229965
200.0 3.42 5.86135864258
200.0 3.53 5.68648862839
200.0 3.64 5.68648862839
200.0 3.75 5.37089586258
200.0 3.86 5.09596538544
200.0 3.97 4.9724521637
200.0 4.08 4.9724521637
200.0 4.19 4.85746717453
200.0 4.3 4.65132713318
200.0 4.41 4.55913734436
200.0 4.52 4.47354078293
200.0 4.63 4.47354078293
200.0 4.74 4.39414072037
200.0 4.85 4.18980169296
200.0 4.96 4.13193750381
200.0 5.07 4.13193750381
200.0 5.18 4.07875490189
200.0 5.29 3.98546743393
205.0 1.0 17.2669239044
205.0 1.11 16.0614585876
205.0 1.22 14.9578332901
205.0 1.33 14.9578332901
205.0 1.44 14.0079526901
205.0 1.55 11.7217435837
205.0 1.66 11.0915050507
205.0 1.77 11.0915050507
205.0 1.88 10.5123252869
205.0 1.99 9.48317813873
205.0 2.1 9.48317813873
205.0 2.21 8.60033035278
205.0 2.32 8.60033035278
205.0 2.43 7.84083843231
205.0 2.54 7.50095272064
205.0 2.65 6.89253664017
205.0 2.76 6.89253664017
205.0 2.87 6.36661911011
205.0 2.98 6.12985706329
205.0 3.09 6.12985706329
205.0 3.2 5.70489835739
205.0 3.31 5.70489835739
205.0 3.42 5.33609867096
205.0 3.53 5.17071962357
205.0 3.64 5.17071962357
205.0 3.75 4.8742313385
205.0 3.86 4.61651611328
205.0 3.97 4.50085449219
205.0 4.08 4.50085449219
205.0 4.19 4.39335489273
205.0 4.3 4.20069980621
205.0 4.41 4.11465978622
205.0 4.52 4.03496217728
205.0 4.63 4.03496217728
205.0 4.74 3.96111679077
205.0 4.85 3.77110385895
205.0 4.96 3.71729874611
205.0 5.07 3.71729874611
205.0 5.18 3.66781520844
205.0 5.29 3.58084392548
210.0 1.0 17.0196285248
210.0 1.11 15.7340955734
210.0 1.22 14.5548429489
210.0 1.33 14.5548429489
210.0 1.44 13.5464782715
210.0 1.55 11.1629724503
210.0 1.66 10.5181331635
210.0 1.77 10.5181331635
210.0 1.88 9.93044281006
210.0 1.99 8.89785575867
210.0 2.1 8.89785575867
210.0 2.21 8.02370357513
210.0 2.32 8.02370357513
210.0 2.43 7.27937889099
210.0 2.54 6.9488363266
210.0 2.65 6.36109256744
210.0 2.76 6.36109256744
210.0 2.87 5.85621833801
210.0 2.98 5.63074016571
210.0 3.09 5.63074016571
210.0 3.2 5.22669839859
210.0 3.31 5.22669839859
210.0 3.42 4.87785863876
210.0 3.53 4.72174692154
210.0 3.64 4.72174692154
210.0 3.75 4.44225168228
210.0 3.86 4.20106220245
210.0 3.97 4.09266042709
210.0 4.08 4.09266042709
210.0 4.19 3.99198436737
210.0 4.3 3.81170940399
210.0 4.41 3.73123764992
210.0 4.52 3.65664601326
210.0 4.63 3.65664601326
210.0 4.74 3.58758378029
210.0 4.85 3.41027736664
210.0 4.96 3.36002492905
210.0 5.07 3.36002492905
210.0 5.18 3.31378912926
210.0 5.29 3.2324681282
215.0 1.0 16.7384376526
215.0 1.11 15.3825531006
215.0 1.22 14.1407632828
215.0 1.33 14.1407632828
215.0 1.44 13.0860433578
215.0 1.55 10.6327953339
215.0 1.66 9.98000812531
215.0 1.77 9.98000812531
215.0 1.88 9.38916301727
215.0 1.99 8.36113166809
215.0 2.1 8.36113166809
215.0 2.21 7.50069761276
215.0 2.32 7.50069761276
215.0 2.43 6.77511835098
215.0 2.54 6.45496368408
215.0 2.65 5.88815402985
215.0 2.76 5.88815402985
215.0 2.87 5.40502643585
215.0 2.98 5.19007015228
215.0 3.09 5.19007015228
215.0 3.2 4.80633449554
215.0 3.31 4.80633449554
215.0 3.42 4.47628641129
215.0 3.53 4.32894420624
215.0 3.64 4.32894420624
215.0 3.75 4.06541061401
215.0 3.86 3.83891820908
215.0 3.97 3.7374162674
215.0 4.08 3.7374162674
215.0 4.19 3.64295649529
215.0 4.3 3.47393417358
215.0 4.41 3.39848661423
215.0 4.52 3.32859897614
215.0 4.63 3.32859897614
215.0 4.74 3.26386880875
215.0 4.85 3.09749031067
215.0 4.96 3.05042934418
215.0 5.07 3.05042934418
215.0 5.18 3.00709533691
215.0 5.29 2.93069934845
220.0 1.0 16.4345111847
220.0 1.11 15.0179605484
220.0 1.22 13.7250003815
220.0 1.33 13.7250003815
220.0 1.44 12.6341505051
220.0 1.55 10.133348465
220.0 1.66 9.47759342194
220.0 1.77 9.47759342194
220.0 1.88 8.88764095306
220.0 1.99 7.87018156052
220.0 2.1 7.87018156052
220.0 2.21 7.0267791748
220.0 2.32 7.0267791748
220.0 2.43 6.32205963135
220.0 2.54 6.01265144348
220.0 2.65 5.46701669693
220.0 2.76 5.46701669693
220.0 2.87 5.00467634201
220.0 2.98 4.79998540878
220.0 3.09 4.79998540878
220.0 3.2 4.43543577194
220.0 3.31 4.43543577194
220.0 3.42 4.12297058105
220.0 3.53 3.98367190361
220.0 3.64 3.98367190361
220.0 3.75 3.73520898819
220.0 3.86 3.5216422081
220.0 3.97 3.42641758919
220.0 4.08 3.42641758919
220.0 4.19 3.337859869
220.0 4.3 3.17917299271
220.0 4.41 3.1083176136
220.0 4.52 3.04264760017
220.0 4.63 3.04264760017
220.0 4.74 2.98179888725
220.0 4.85 2.82533550262
220.0 4.96 2.78094911575
220.0 5.07 2.78094911575
220.0 5.18 2.74005937576
220.0 5.29 2.6679816246
225.0 1.0 16.1173820496
225.0 1.11 14.6490163803
225.0 1.22 13.3145360947
225.0 1.33 13.3145360947
225.0 1.44 12.1960144043
225.0 1.55 9.66539287567
225.0 1.66 9.01037216187
225.0 1.77 9.01037216187
225.0 1.88 8.42427444458
225.0 1.99 7.42158126831
225.0 2.1 7.42158126831
225.0 2.21 6.5976524353
225.0 2.32 6.5976524353
225.0 2.43 5.91402101517
225.0 2.54 5.61559963226
225.0 2.65 5.09125518799
225.0 2.76 5.09125518799
225.0 2.87 4.64889192581
225.0 2.98 4.45365047455
225.0 3.09 4.45365047455
225.0 3.2 4.10717201233
225.0 3.31 4.10717201233
225.0 3.42 3.81096529961
225.0 3.53 3.67917990685
225.0 3.64 3.67917990685
225.0 3.75 3.44436812401
225.0 3.86 3.2429330349
225.0 3.97 3.15309071541
225.0 4.08 3.15309071541
225.0 4.19 3.06974291801
225.0 4.3 2.9206135273
225.0 4.41 2.8539390564
225.0 4.52 2.79207062721
225.0 4.63 2.79207062721
225.0 4.74 2.73473453522
225.0 4.85 2.58712458611
225.0 4.96 2.54522395134
225.0 5.07 2.54522395134
225.0 5.18 2.50657248497
225.0 5.29 2.43826746941
230.0 1.0 15.794965744
230.0 1.11 14.2824640274
230.0 1.22 12.9145078659
230.0 1.33 12.9145078659
230.0 1.44 11.7753458023
230.0 1.55 9.22861099243
230.0 1.66 8.57709026337
230.0 1.77 8.57709026337
230.0 1.88 7.99717473984
230.0 1.99 7.01176309586
230.0 2.1 7.01176309586
230.0 2.21 6.2086558342
230.0 2.32 6.2086558342
230.0 2.43 5.54630041122
230.0 2.54 5.25870275497
230.0 2.65 4.75486326218
230.0 2.76 4.75486326218
230.0 2.87 4.33161687851
230.0 2.98 4.14546298981
230.0 3.09 4.14546298981
230.0 3.2 3.81580114365
230.0 3.31 3.81580114365
230.0 3.42 3.53470849991
230.0 3.53 3.40984320641
230.0 3.64 3.40984320641
230.0 3.75 3.18734741211
230.0 3.86 2.99691462517
230.0 3.97 2.91204595566
230.0 4.08 2.91204595566
230.0 4.19 2.8333799839
230.0 4.3 2.69263839722
230.0 4.41 2.62979698181
230.0 4.52 2.57149457932
230.0 4.63 2.57149457932
230.0 4.74 2.51736116409
230.0 4.85 2.37775945663
230.0 4.96 2.33804678917
230.0 5.07 2.33804678917
230.0 5.18 2.30140542984
230.0 5.29 2.23656702042
235.0 1.0 15.4737987518
235.0 1.11 13.9235363007
235.0 1.22 12.5287485123
235.0 1.33 12.5287485123
235.0 1.44 11.3743419647
235.0 1.55 8.82201862335
235.0 1.66 8.17619514465
235.0 1.77 8.17619514465
235.0 1.88 7.60406494141
235.0 1.99 6.63747930527
235.0 2.1 6.63747930527
235.0 2.21 5.85562038422
235.0 2.32 5.85562038422
235.0 2.43 5.2143702507
235.0 2.54 4.93710374832
235.0 2.65 4.45312833786
235.0 2.76 4.45312833786
235.0 2.87 4.04790496826
235.0 2.98 3.87025213242
235.0 3.09 3.87025213242
235.0 3.2 3.55613660812
235.0 3.31 3.55613660812
235.0 3.42 3.28892683983
235.0 3.53 3.17065811157
235.0 3.64 3.17065811157
235.0 3.75 2.95966720581
235.0 3.86 2.77897024155
235.0 3.97 2.69859647751
235.0 4.08 2.69859647751
235.0 4.19 2.62410783768
235.0 4.3 2.49104809761
235.0 4.41 2.43161940575
235.0 4.52 2.37644910812
235.0 4.63 2.37644910812
235.0 4.74 2.32524943352
235.0 4.85 2.19299888611
235.0 4.96 2.15529203415
235.0 5.07 2.15529203415
235.0 5.18 2.12044501305
235.0 5.29 2.05866718292
240.0 1.0 15.1592197418
240.0 1.11 13.5763425827
240.0 1.22 12.1601305008
240.0 1.33 12.1601305008
240.0 1.44 10.9945077896
240.0 1.55 8.44457817078
240.0 1.66 7.80580663681
240.0 1.77 7.80580663681
240.0 1.88 7.24243783951
240.0 1.99 6.29568767548
240.0 2.1 6.29568767548
240.0 2.21 5.53506422043
240.0 2.32 5.53506422043
240.0 2.43 4.91483163834
240.0 2.54 4.64708805084
240.0 2.65 4.18191194534
240.0 2.76 4.18191194534
240.0 2.87 3.793643713
240.0 2.98 3.62367868423
240.0 3.09 3.62367868423
240.0 3.2 3.32395029068
240.0 3.31 3.32395029068
240.0 3.42 3.06951665878
240.0 3.53 2.95697689056
240.0 3.64 2.95697689056
240.0 3.75 2.75721001625
240.0 3.86 2.58551168442
240.0 3.97 2.50903463364
240.0 4.08 2.50903463364
240.0 4.19 2.43823552132
240.0 4.3 2.31203842163
240.0 4.41 2.25568294525
240.0 4.52 2.20339155197
240.0 4.63 2.20339155197
240.0 4.74 2.15488433838
240.0 4.85 2.02931118011
240.0 4.96 1.99342429638
240.0 5.07 1.99342429638
240.0 5.18 1.96021270752
240.0 5.29 1.9012516737
245.0 1.0 14.8556985855
245.0 1.11 13.2441692352
245.0 1.22 11.8103780746
245.0 1.33 11.8103780746
245.0 1.44 10.6368274689
245.0 1.55 8.09503555298
245.0 1.66 7.46429300308
245.0 1.77 7.46429300308
245.0 1.88 6.91006422043
245.0 1.99 5.98351192474
245.0 2.1 5.98351192474
245.0 2.21 5.24387788773
245.0 2.32 5.24387788773
245.0 2.43 4.64374256134
245.0 2.54 4.38540935516
245.0 2.65 3.93768548965
245.0 2.76 3.93768548965
245.0 2.87 3.56530785561
245.0 2.98 3.40237402916
245.0 3.09 3.40237402916
245.0 3.2 3.1160492897
245.0 3.31 3.1160492897
245.0 3.42 2.87334060669
245.0 3.53 2.76607680321
245.0 3.64 2.76607680321
245.0 3.75 2.5757291317
245.0 3.86 2.41311717033
245.0 3.97 2.34046721458
245.0 4.08 2.34046721458
245.0 4.19 2.27304506302
245.0 4.3 2.15263533592
245.0 4.41 2.09900283813
245.0 4.52 2.04931378365
245.0 4.63 2.04931378365
245.0 4.74 2.00318980217
245.0 4.85 1.88382053375
245.0 4.96 1.84961545467
245.0 5.07 1.84961545467
245.0 5.18 1.81791257858
245.0 5.29 1.76145982742
250.0 1.0 14.5669326782
250.0 1.11 12.9294042587
250.0 1.22 11.4808492661
250.0 1.33 11.4808492661
250.0 1.44 10.3019752502
250.0 1.55 7.7719836235
250.0 1.66 7.14981889725
250.0 1.77 7.14981889725
250.0 1.88 6.60497760773
250.0 1.99 5.69839143753
250.0 2.1 5.69839143753
250.0 2.21 4.97910261154
250.0 2.32 4.97910261154
250.0 2.43 4.39801454544
250.0 2.54 4.1488442421
250.0 2.65 3.71720337868
250.0 2.76 3.71720337868
250.0 2.87 3.35954356194
250.0 2.98 3.20362186432
250.0 3.09 3.20362186432
250.0 3.2 2.92948651314
250.0 3.31 2.92948651314
250.0 3.42 2.69762539864
250.0 3.53 2.59512591362
250.0 3.64 2.59512591362
250.0 3.75 2.41334867477
250.0 3.86 2.25824785233
250.0 3.97 2.18925619125
250.0 4.08 2.18925619125
250.0 4.19 2.1253695488
250.0 4.3 2.01074767113
250.0 4.41 1.95947670937
250.0 4.52 1.91194975376
250.0 4.63 1.91194975376
250.0 4.74 1.86788892746
250.0 4.85 1.75389492512
250.0 4.96 1.72126829624
250.0 5.07 1.72126829624
250.0 5.18 1.69101417065
250.0 5.29 1.63697063923
255.0 1.0 14.2964706421
255.0 1.11 12.6342105865
255.0 1.22 11.1726522446
255.0 1.33 11.1726522446
255.0 1.44 9.98985671997
255.0 1.55 7.47390794754
255.0 1.66 6.86069440842
255.0 1.77 6.86069440842
255.0 1.88 6.32520389557
255.0 1.99 5.43819379807
255.0 2.1 5.43819379807
255.0 2.21 4.73815870285
255.0 2.32 4.73815870285
255.0 2.43 4.17511558533
255.0 2.54 3.93435549736
255.0 2.65 3.51823806763
255.0 2.76 3.51823806763
255.0 2.87 3.17432546616
255.0 2.98 3.02428841591
255.0 3.09 3.02428841591
255.0 3.2 2.76139473915
255.0 3.31 2.76139473915
255.0 3.42 2.53992819786
255.0 3.53 2.4418399334
255.0 3.64 2.4418399334
255.0 3.75 2.26781535149
255.0 3.86 2.11947703362
255.0 3.97 2.05356860161
255.0 4.08 2.05356860161
255.0 4.19 1.99250531197
255.0 4.3 1.88343036175
255.0 4.41 1.83469855785
255.0 4.52 1.78934526443
255.0 4.63 1.78934526443
255.0 4.74 1.74715173244
255.0 4.85 1.63789224625
255.0 4.96 1.6065890789
255.0 5.07 1.6065890789
255.0 5.18 1.57754969597
255.0 5.29 1.5256844759
260.0 1.0 14.0473270416
260.0 1.11 12.360376358
260.0 1.22 10.8865833282
260.0 1.33 10.8865833282
260.0 1.44 9.70059299469
260.0 1.55 7.19958353043
260.0 1.66 6.59516000748
260.0 1.77 6.59516000748
260.0 1.88 6.0689201355
260.0 1.99 5.20091962814
260.0 2.1 5.20091962814
260.0 2.21 4.51889562607
260.0 2.32 4.51889562607
260.0 2.43 3.97290611267
260.0 2.54 3.73994517326
260.0 2.65 3.33834385872
260.0 2.76 3.33834385872
260.0 2.87 3.00670862198
260.0 2.98 2.86280345917
260.0 3.09 2.86280345917
260.0 3.2 2.61009478569
260.0 3.31 2.61009478569
260.0 3.42 2.39750361443
260.0 3.53 2.30392050743
260.0 3.64 2.30392050743
260.0 3.75 2.13724017143
260.0 3.86 1.99493849277
260.0 3.97 1.93178296089
260.0 4.08 1.93178296089
260.0 4.19 1.87331974506
260.0 4.3 1.76883947849
260.0 4.41 1.72219347954
260.0 4.52 1.67886507511
260.0 4.63 1.67886507511
260.0 4.74 1.63860607147
260.0 4.85 1.53411948681
260.0 4.96 1.50400340557
260.0 5.07 1.50400340557
260.0 5.18 1.47606348991
260.0 5.29 1.42607915401
265.0 1.0 13.8227958679
265.0 1.11 12.1097316742
265.0 1.22 10.6234207153
265.0 1.33 10.6234207153
265.0 1.44 9.43428039551
265.0 1.55 6.94792366028
265.0 1.66 6.35186576843
265.0 1.77 6.35186576843
265.0 1.88 5.83448028564
265.0 1.99 4.98453187943
265.0 2.1 4.98453187943
265.0 2.21 4.31950902939
265.0 2.32 4.31950902939
265.0 2.43 3.78944039345
265.0 2.54 3.56372213364
265.0 2.65 3.17544221878
265.0 2.76 3.17544221878
265.0 2.87 2.85549974442
265.0 2.98 2.71653819084
265.0 3.09 2.71653819084
265.0 3.2 2.47359108925
265.0 3.31 2.47359108925
265.0 3.42 2.26899647713
265.0 3.53 2.17904496193
265.0 3.64 2.17904496193
265.0 3.75 2.01965761185
265.0 3.86 1.88303947449
265.0 3.97 1.82228147984
265.0 4.08 1.82228147984
265.0 4.19 1.76613306999
265.0 4.3 1.66589379311
265.0 4.41 1.6210975647
265.0 4.52 1.57949638367
265.0 4.63 1.57949638367
265.0 4.74 1.54084146023
265.0 4.85 1.44052255154
265.0 4.96 1.4116922617
265.0 5.07 1.4116922617
265.0 5.18 1.38487482071
265.0 5.29 1.33668959141
270.0 1.0 13.6266231537
270.0 1.11 11.8843412399
270.0 1.22 10.383893013
270.0 1.33 10.383893013
270.0 1.44 9.1909828186
270.0 1.55 6.71780157089
270.0 1.66 6.12958574295
270.0 1.77 6.12958574295
270.0 1.88 5.62062597275
270.0 1.99 4.78738737106
270.0 2.1 4.78738737106
270.0 2.21 4.13827228546
270.0 2.32 4.13827228546
270.0 2.43 3.62289810181
270.0 2.54 3.4039850235
270.0 2.65 3.02795767784
270.0 2.76 3.02795767784
270.0 2.87 2.71876788139
270.0 2.98 2.5846517086
270.0 3.09 2.5846517086
270.0 3.2 2.35042643547
270.0 3.31 2.35042643547
270.0 3.42 2.15332698822
270.0 3.53 2.0665409565
270.0 3.64 2.0665409565
270.0 3.75 1.91326487064
270.0 3.86 1.78229773045
270.0 3.97 1.7238817215
270.0 4.08 1.7238817215
270.0 4.19 1.66974890232
270.0 4.3 1.57320034504
270.0 4.41 1.53014194965
270.0 4.52 1.49013197422
270.0 4.63 1.49013197422
270.0 4.74 1.45291662216
270.0 4.85 1.3562182188
270.0 4.96 1.32843077183
270.0 5.07 1.32843077183
270.0 5.18 1.30256640911
270.0 5.29 1.25615346432
275.0 1.0 13.4639186859
275.0 1.11 11.686372757
275.0 1.22 10.1692247391
275.0 1.33 10.1692247391
275.0 1.44 8.97092342377
275.0 1.55 6.50842428207
275.0 1.66 5.92720031738
275.0 1.77 5.92720031738
275.0 1.88 5.42603492737
275.0 1.99 4.6081943512
275.0 2.1 4.6081943512
275.0 2.21 3.97375297546
275.0 2.32 3.97375297546
275.0 2.43 3.471814394
275.0 2.54 3.25910186768
275.0 2.65 2.89439415932
275.0 2.76 2.89439415932
275.0 2.87 2.59507465363
275.0 2.98 2.46535873413
275.0 3.09 2.46535873413
275.0 3.2 2.23881435394
275.0 3.31 2.23881435394
275.0 3.42 2.0490064621
275.0 3.53 1.96524226665
275.0 3.64 1.96524226665
275.0 3.75 1.81706380844
275.0 3.86 1.69125175476
275.0 3.97 1.63508629799
275.0 4.08 1.63508629799
275.0 4.19 1.58297502995
275.0 4.3 1.48973619938
275.0 4.41 1.44817042351
275.0 4.52 1.40957486629
275.0 4.63 1.40957486629
275.0 4.74 1.37371730804
275.0 4.85 1.28036808968
275.0 4.96 1.25346064568
275.0 5.07 1.25346064568
275.0 5.18 1.22845566273
275.0 5.29 1.18354701996
280.0 1.0 13.3412847519
280.0 1.11 11.5192308426
280.0 1.22 9.9808473587
280.0 1.33 9.9808473587
280.0 1.44 8.77468585968
280.0 1.55 6.31904935837
280.0 1.66 5.74400520325
280.0 1.77 5.74400520325
280.0 1.88 5.24967288971
280.0 1.99 4.44578552246
280.0 2.1 4.44578552246
280.0 2.21 3.82475113869
280.0 2.32 3.82475113869
280.0 2.43 3.33501935005
280.0 2.54 3.12796711922
280.0 2.65 2.77352523804
280.0 2.76 2.77352523804
280.0 2.87 2.48317670822
280.0 2.98 2.35749554634
280.0 3.09 2.35749554634
280.0 3.2 2.13818979263
280.0 3.31 2.13818979263
280.0 3.42 1.95455992222
280.0 3.53 1.87383711338
280.0 3.64 1.87383711338
280.0 3.75 1.73064386845
280.0 3.86 1.60867726803
280.0 3.97 1.55464756489
280.0 4.08 1.55464756489
280.0 4.19 1.50459182262
280.0 4.3 1.41460931301
280.0 4.41 1.37437963486
280.0 4.52 1.33700025082
280.0 4.63 1.33700025082
280.0 4.74 1.30229747295
280.0 4.85 1.21202611923
280.0 4.96 1.18597447872
280.0 5.07 1.18597447872
280.0 5.18 1.16170144081
280.0 5.29 1.11808085442
285.0 1.0 13.2690382004
285.0 1.11 11.3873882294
285.0 1.22 9.82094955444
285.0 1.33 9.82094955444
285.0 1.44 8.60333251953
285.0 1.55 6.14922809601
285.0 1.66 5.57929754257
285.0 1.77 5.57929754257
285.0 1.88 5.09084606171
285.0 1.99 4.29928016663
285.0 2.1 4.29928016663
285.0 2.21 3.69024729729
285.0 2.32 3.69024729729
285.0 2.43 3.21140384674
285.0 2.54 3.00954008102
285.0 2.65 2.66440343857
285.0 2.76 2.66440343857
285.0 2.87 2.38213086128
285.0 2.98 2.2601108551
285.0 3.09 2.2601108551
285.0 3.2 2.04731035233
285.0 3.31 2.04731035233
285.0 3.42 1.86921787262
285.0 3.53 1.79107093811
285.0 3.64 1.79107093811
285.0 3.75 1.65258789062
285.0 3.86 1.53451132774
285.0 3.97 1.48202645779
285.0 4.08 1.48202645779
285.0 4.19 1.43348312378
285.0 4.3 1.34676980972
285.0 4.41 1.30782032013
285.0 4.52 1.27160274982
285.0 4.63 1.27160274982
285.0 4.74 1.23792159557
285.0 4.85 1.1503534317
285.0 4.96 1.12508571148
285.0 5.07 1.12508571148
285.0 5.18 1.10152804852
285.0 5.29 1.05907833576
290.0 1.0 13.2663955688
290.0 1.11 11.2984380722
290.0 1.22 9.69285774231
290.0 1.33 9.69285774231
290.0 1.44 8.45860481262
290.0 1.55 5.99884223938
290.0 1.66 5.4327044487
290.0 1.77 5.4327044487
290.0 1.88 4.94902276993
290.0 1.99 4.16798830032
290.0 2.1 4.16798830032
290.0 2.21 3.5694668293
290.0 2.32 3.5694668293
290.0 2.43 3.10027289391
290.0 2.54 2.90292811394
290.0 2.65 2.56615328789
290.0 2.76 2.56615328789
290.0 2.87 2.29116487503
290.0 2.98 2.17239689827
290.0 3.09 2.17239689827
290.0 3.2 1.96544122696
290.0 3.31 1.96544122696
290.0 3.42 1.79236972332
290.0 3.53 1.71646130085
290.0 3.64 1.71646130085
290.0 3.75 1.58230602741
290.0 3.86 1.46771001816
290.0 3.97 1.41681015491
290.0 4.08 1.41681015491
290.0 4.19 1.36961090565
290.0 4.3 1.28537011147
290.0 4.41 1.24770259857
290.0 4.52 1.21266448498
290.0 4.63 1.21266448498
290.0 4.74 1.17995083332
290.0 4.85 1.09472751617
290.0 4.96 1.07013988495
290.0 5.07 1.07013988495
290.0 5.18 1.04721355438
290.0 5.29 1.00589585304
295.0 1.0 13.3820619583
295.0 1.11 11.2653398514
295.0 1.22 9.60235977173
295.0 1.33 9.60235977173
295.0 1.44 8.34326648712
295.0 1.55 5.86827611923
295.0 1.66 5.30425930023
295.0 1.77 5.30425930023
295.0 1.88 4.82392263412
295.0 1.99 4.05142211914
295.0 2.1 4.05142211914
295.0 2.21 3.46174097061
295.0 2.32 3.46174097061
295.0 2.43 3.00092625618
295.0 2.54 2.80751180649
295.0 2.65 2.47812247276
295.0 2.76 2.47812247276
295.0 2.87 2.20963191986
295.0 2.98 2.0937256813
295.0 3.09 2.0937256813
295.0 3.2 1.8920006752
295.0 3.31 1.8920006752
295.0 3.42 1.72340548038
295.0 3.53 1.6494204998
295.0 3.64 1.6494204998
295.0 3.75 1.5189166069
295.0 3.86 1.40761518478
295.0 3.97 1.35808467865
295.0 4.08 1.35808467865
295.0 4.19 1.31223130226
295.0 4.3 1.23019874096
295.0 4.41 1.19353353977
295.0 4.52 1.15945315361
295.0 4.63 1.15945315361
295.0 4.74 1.12773382664
295.0 4.85 1.04469501972
295.0 4.96 1.02067279816
295.0 5.07 1.02067279816
295.0 5.18 0.998271644115
295.0 5.29 0.957927048206
300.0 1.0 13.813337326
300.0 1.11 11.3176240921
300.0 1.22 9.55966758728
300.0 1.33 9.55966758728
300.0 1.44 8.2624578476
300.0 1.55 5.75848913193
300.0 1.66 5.19447660446
300.0 1.77 5.19447660446
300.0 1.88 4.71583127975
300.0 1.99 3.94936513901
300.0 2.1 3.94936513901
300.0 2.21 3.36671543121
300.0 2.32 3.36671543121
300.0 2.43 2.91289806366
300.0 2.54 2.72288036346
300.0 2.65 2.39976811409
300.0 2.76 2.39976811409
300.0 2.87 2.13693761826
300.0 2.98 2.02360367775
300.0 3.09 2.02360367775
300.0 3.2 1.8264311552
300.0 3.31 1.8264311552
300.0 3.42 1.66175985336
300.0 3.53 1.58956098557
300.0 3.64 1.58956098557
300.0 3.75 1.46214032173
300.0 3.86 1.35376024246
300.0 3.97 1.30547606945
300.0 4.08 1.30547606945
300.0 4.19 1.26073920727
300.0 4.3 1.18076014519
300.0 4.41 1.14496469498
300.0 4.52 1.1116874218
300.0 4.63 1.1116874218
300.0 4.74 1.08072280884
300.0 4.85 0.999826073647
300.0 4.96 0.976293504238
300.0 5.07 0.976293504238
300.0 5.18 0.954361438751
300.0 5.29 0.914770960808
305.0 1.0 13.9920272827
305.0 1.11 11.6671113968
305.0 1.22 9.58694839478
305.0 1.33 9.58694839478
305.0 1.44 8.22554206848
305.0 1.55 5.67138624191
305.0 1.66 5.10457992554
305.0 1.77 5.10457992554
305.0 1.88 4.62551355362
305.0 1.99 3.86205768585
305.0 2.1 3.86205768585
305.0 2.21 3.2844388485
305.0 2.32 3.2844388485
305.0 2.43 2.83604454994
305.0 2.54 2.64872789383
305.0 2.65 2.33079195023
305.0 2.76 2.33079195023
305.0 2.87 2.07273197174
305.0 2.98 1.96159255505
305.0 3.09 1.96159255505
305.0 3.2 1.7683339119
305.0 3.31 1.7683339119
305.0 3.42 1.60708904266
305.0 3.53 1.53638625145
305.0 3.64 1.53638625145
305.0 3.75 1.41162788868
305.0 3.86 1.30567264557
305.0 3.97 1.25856482983
305.0 4.08 1.25856482983
305.0 4.19 1.21483290195
305.0 4.3 1.13661205769
305.0 4.41 1.10161173344
305.0 4.52 1.06903457642
305.0 4.63 1.06903457642
305.0 4.74 1.03872573376
305.0 4.85 0.959603190422
305.0 4.96 0.936650872231
305.0 5.07 0.936650872231
305.0 5.18 0.915143489838
305.0 5.29 0.876204669476
310.0 1.0 14.0670433044
310.0 1.11 11.8625268936
310.0 1.22 9.86630058289
310.0 1.33 9.86630058289
310.0 1.44 8.25399494171
310.0 1.55 5.61061620712
310.0 1.66 5.03699111938
310.0 1.77 5.03699111938
310.0 1.88 4.55459976196
310.0 1.99 3.79030966759
310.0 2.1 3.79030966759
310.0 2.21 3.21525669098
310.0 2.32 3.21525669098
310.0 2.43 2.77051854134
310.0 2.54 2.58515071869
310.0 2.65 2.27116131783
310.0 2.76 2.27116131783
310.0 2.87 2.01688909531
310.0 2.98 1.90753734112
310.0 3.09 1.90753734112
310.0 3.2 1.71755635738
310.0 3.31 1.71755635738
310.0 3.42 1.55912220478
310.0 3.53 1.48969519138
310.0 3.64 1.48969519138
310.0 3.75 1.36719989777
310.0 3.86 1.26318180561
310.0 3.97 1.21700453758
310.0 4.08 1.21700453758
310.0 4.19 1.17420518398
310.0 4.3 1.0974714756
310.0 4.41 1.06314480305
310.0 4.52 1.03120660782
310.0 4.63 1.03120660782
310.0 4.74 1.00143659115
310.0 4.85 0.923707902431
310.0 4.96 0.901174724102
310.0 5.07 0.901174724102
310.0 5.18 0.88012778759
310.0 5.29 0.841923356056
315.0 1.0 14.0544967651
315.0 1.11 11.9540805817
315.0 1.22 10.0519609451
315.0 1.33 10.0519609451
315.0 1.44 8.50860595703
315.0 1.55 5.58343219757
315.0 1.66 4.99629354477
315.0 1.77 4.99629354477
315.0 1.88 4.50634431839
315.0 1.99 3.73582673073
315.0 2.1 3.73582673073
315.0 2.21 3.16010499001
315.0 2.32 3.16010499001
315.0 2.43 2.71689844131
315.0 2.54 2.53262424469
315.0 2.65 2.22119164467
315.0 2.76 2.22119164467
315.0 2.87 1.96951532364
315.0 2.98 1.8615322113
315.0 3.09 1.8615322113
315.0 3.2 1.67406570911
315.0 3.31 1.67406570911
315.0 3.42 1.51783072948
315.0 3.53 1.44942426682
315.0 3.64 1.44942426682
315.0 3.75 1.32874560356
315.0 3.86 1.22623538971
315.0 3.97 1.18078243732
315.0 4.08 1.18078243732
315.0 4.19 1.13867557049
315.0 4.3 1.06327414513
315.0 4.41 1.02944874763
315.0 4.52 0.99799734354
315.0 4.63 0.99799734354
315.0 4.74 0.96871471405
315.0 4.85 0.892136931419
315.0 4.96 0.869900345802
315.0 5.07 0.869900345802
315.0 5.18 0.849113345146
315.0 5.29 0.811519443989
320.0 1.0 13.9678955078
320.0 1.11 11.9598226547
320.0 1.22 10.1398210526
320.0 1.33 10.1398210526
320.0 1.44 8.66130638123
320.0 1.55 5.60708808899
320.0 1.66 4.99277353287
320.0 1.77 4.99277353287
320.0 1.88 4.48741436005
320.0 1.99 3.70206236839
320.0 2.1 3.70206236839
320.0 2.21 3.12102484703
320.0 2.32 3.12102484703
320.0 2.43 2.67643857002
320.0 2.54 2.4921438694
320.0 2.65 2.18155813217
320.0 2.76 2.18155813217
320.0 2.87 1.93118417263
320.0 2.98 1.82396352291
320.0 3.09 1.82396352291
320.0 3.2 1.6381456852
320.0 3.31 1.6381456852
320.0 3.42 1.48345959187
320.0 3.53 1.41573667526
320.0 3.64 1.41573667526
320.0 3.75 1.29637086391
320.0 3.86 1.19496405125
320.0 3.97 1.14997959137
320.0 4.08 1.14997959137
320.0 4.19 1.10837304592
320.0 4.3 1.03391492367
320.0 4.41 1.00055813789
320.0 4.52 0.969446122646
320.0 4.63 0.969446122646
320.0 4.74 0.940477013588
320.0 4.85 0.864767313004
320.0 4.96 0.842781484127
320.0 5.07 0.842781484127
320.0 5.18 0.822205364704
320.0 5.29 0.784915208817
325.0 1.0 13.8194408417
325.0 1.11 11.8943357468
325.0 1.22 10.1480550766
325.0 1.33 10.1480550766
325.0 1.44 8.72697257996
325.0 1.55 5.79170179367
325.0 1.66 5.05880880356
325.0 1.77 5.05880880356
325.0 1.88 4.51544332504
325.0 1.99 3.69687485695
325.0 2.1 3.69687485695
325.0 2.21 3.10240221024
325.0 2.32 3.10240221024
325.0 2.43 2.65184211731
325.0 2.54 2.46597599983
325.0 2.65 2.15373826027
325.0 2.76 2.15373826027
325.0 2.87 1.90298819542
325.0 2.98 1.79581224918
325.0 3.09 1.79581224918
325.0 3.2 1.61054491997
325.0 3.31 1.61054491997
325.0 3.42 1.45654404163
325.0 3.53 1.38917028904
325.0 3.64 1.38917028904
325.0 3.75 1.2704654932
325.0 3.86 1.16971695423
325.0 3.97 1.12498104572
325.0 4.08 1.12498104572
325.0 4.19 1.08357298374
325.0 4.3 1.00965750217
325.0 4.41 0.976554274559
325.0 4.52 0.945739388466
325.0 4.63 0.945739388466
325.0 4.74 0.916958630085
325.0 4.85 0.841719508171
325.0 4.96 0.819865584373
325.0 5.07 0.819865584373
325.0 5.18 0.79942125082
325.0 5.29 0.762330710888
330.0 1.0 13.6197433472
330.0 1.11 11.7702484131
330.0 1.22 10.091211319
330.0 1.33 10.091211319
330.0 1.44 8.72267150879
330.0 1.55 5.88370084763
330.0 1.66 5.22690010071
330.0 1.77 5.22690010071
330.0 1.88 4.67026758194
330.0 1.99 3.74553203583
330.0 2.1 3.74553203583
330.0 2.21 3.11556434631
330.0 2.32 3.11556434631
330.0 2.43 2.64975833893
330.0 2.54 2.45937943459
330.0 2.65 2.14145469666
330.0 2.76 2.14145469666
330.0 2.87 1.88763272762
330.0 2.98 1.77945411205
330.0 3.09 1.77945411205
330.0 3.2 1.59298932552
330.0 3.31 1.59298932552
330.0 3.42 1.43843781948
330.0 3.53 1.3709076643
330.0 3.64 1.3709076643
330.0 3.75 1.2520108223
330.0 3.86 1.15121436119
330.0 3.97 1.10649478436
330.0 4.08 1.10649478436
330.0 4.19 1.06507492065
330.0 4.3 0.991157054901
330.0 4.41 0.958069205284
330.0 4.52 0.927277863026
330.0 4.63 0.927277863026
330.0 4.74 0.898590803146
330.0 4.85 0.823370456696
330.0 4.96 0.801525652409
330.0 5.07 0.801525652409
330.0 5.18 0.781095921993
330.0 5.29 0.744009673595
335.0 1.0 13.3780078888
335.0 1.11 11.5983800888
335.0 1.22 9.98156166077
335.0 1.33 9.98156166077
335.0 1.44 8.66190719604
335.0 1.55 5.91363239288
335.0 1.66 5.27435445786
335.0 1.77 5.27435445786
335.0 1.88 4.73091459274
335.0 1.99 3.86615037918
335.0 2.1 3.86615037918
335.0 2.21 3.21854662895
335.0 2.32 3.21854662895
335.0 2.43 2.72303557396
335.0 2.54 2.49017882347
335.0 2.65 2.15509366989
335.0 2.76 2.15509366989
335.0 2.87 1.89213228226
335.0 2.98 1.78087627888
335.0 3.09 1.78087627888
335.0 3.2 1.58995676041
335.0 3.31 1.58995676041
335.0 3.42 1.43260371685
335.0 3.53 1.36403405666
335.0 3.64 1.36403405666
335.0 3.75 1.24352741241
335.0 3.86 1.14154398441
335.0 3.97 1.09637010098
335.0 4.08 1.09637010098
335.0 4.19 1.05455887318
335.0 4.3 0.979933917522
335.0 4.41 0.946541845798
335.0 4.52 0.915489494801
335.0 4.63 0.915489494801
335.0 4.74 0.886560559273
335.0 4.85 0.810763716698
335.0 4.96 0.788724005222
335.0 5.07 0.788724005222
335.0 5.18 0.768105268478
335.0 5.29 0.730732917786
340.0 1.0 13.1024446487
340.0 1.11 11.3878583908
340.0 1.22 9.82933044434
340.0 1.33 9.82933044434
340.0 1.44 8.5558052063
340.0 1.55 5.89468622208
340.0 1.66 5.27269554138
340.0 1.77 5.27269554138
340.0 1.88 4.74267673492
340.0 1.99 3.89586448669
340.0 2.1 3.89586448669
340.0 2.21 3.25854825974
340.0 2.32 3.25854825974
340.0 2.43 2.76859402657
340.0 2.54 2.56540846825
340.0 2.65 2.22400927544
340.0 2.76 2.22400927544
340.0 2.87 1.95045983791
340.0 2.98 1.83382976055
340.0 3.09 1.83382976055
340.0 3.2 1.63284552097
340.0 3.31 1.63284552097
340.0 3.42 1.46687448025
340.0 3.53 1.39449727535
340.0 3.64 1.39449727535
340.0 3.75 1.25335264206
340.0 3.86 1.14726090431
340.0 3.97 1.10047662258
340.0 4.08 1.10047662258
340.0 4.19 1.05729353428
340.0 4.3 0.980388224125
340.0 4.41 0.946048617363
340.0 4.52 0.914120256901
340.0 4.63 0.914120256901
340.0 4.74 0.88442492485
340.0 4.85 0.806769728661
340.0 4.96 0.784182667732
340.0 5.07 0.784182667732
340.0 5.18 0.763048827648
340.0 5.29 0.724741518497
345.0 1.0 12.7997989655
345.0 1.11 11.1467294693
345.0 1.22 9.64319229126
345.0 1.33 9.64319229126
345.0 1.44 8.41350841522
345.0 1.55 5.83694124222
345.0 1.66 5.23236370087
345.0 1.77 5.23236370087
345.0 1.88 4.71612167358
345.0 1.99 3.88861131668
345.0 2.1 3.88861131668
345.0 2.21 3.26302433014
345.0 2.32 3.26302433014
345.0 2.43 2.7803132534
345.0 2.54 2.57948875427
345.0 2.65 2.24094796181
345.0 2.76 2.24094796181
345.0 2.87 1.96882259846
345.0 2.98 1.85245203972
345.0 3.09 1.85245203972
345.0 3.2 1.6514081955
345.0 3.31 1.6514081955
345.0 3.42 1.48484635353
345.0 3.53 1.41215157509
345.0 3.64 1.41215157509
345.0 3.75 1.28418123722
345.0 3.86 1.17561912537
345.0 3.97 1.12745881081
345.0 4.08 1.12745881081
345.0 4.19 1.08292627335
345.0 4.3 1.00332200527
345.0 4.41 0.967698216438
345.0 4.52 0.934513807297
345.0 4.63 0.934513807297
345.0 4.74 0.903582692146
345.0 4.85 0.822647154331
345.0 4.96 0.799048602581
345.0 5.07 0.799048602581
345.0 5.18 0.776931941509
345.0 5.29 0.736747145653
350.0 1.0 12.476187706
350.0 1.11 10.8814592361
350.0 1.22 9.43052768707
350.0 1.33 9.43052768707
350.0 1.44 8.2428560257
350.0 1.55 5.74880743027
350.0 1.66 5.1617474556
350.0 1.77 5.1617474556
350.0 1.88 4.65956163406
350.0 1.99 3.85258150101
350.0 2.1 3.85258150101
350.0 2.21 3.24031686783
350.0 2.32 3.24031686783
350.0 2.43 2.7664167881
350.0 2.54 2.56877803802
350.0 2.65 2.23472929001
350.0 2.76 2.23472929001
350.0 2.87 1.96542215347
350.0 2.98 1.85003662109
350.0 3.09 1.85003662109
350.0 3.2 1.65027034283
350.0 3.31 1.65027034283
350.0 3.42 1.48429238796
350.0 3.53 1.41175246239
350.0 3.64 1.41175246239
350.0 3.75 1.28392148018
350.0 3.86 1.17525947094
350.0 3.97 1.12697887421
350.0 4.08 1.12697887421
350.0 4.19 1.08224797249
350.0 4.3 1.00222027302
350.0 4.41 0.966365993023
350.0 4.52 0.932953596115
350.0 4.63 0.932953596115
350.0 4.74 0.901758670807
350.0 4.85 0.819940268993
350.0 4.96 0.796093404293
350.0 5.07 0.796093404293
350.0 5.18 0.77371019125
350.0 5.29 0.732931733131
355.0 1.0 12.1369161606
355.0 1.11 10.5978183746
355.0 1.22 9.19728279114
355.0 1.33 9.19728279114
355.0 1.44 8.05024719238
355.0 1.55 5.63705348969
355.0 1.66 5.06759166718
355.0 1.77 5.06759166718
355.0 1.88 4.57978153229
355.0 1.99 3.7942276001
355.0 2.1 3.7942276001
355.0 2.21 3.19661450386
355.0 2.32 3.19661450386
355.0 2.43 2.73273587227
355.0 2.54 2.53902363777
355.0 2.65 2.21086883545
355.0 2.76 2.21086883545
355.0 2.87 1.94564890862
355.0 2.98 1.83182895184
355.0 3.09 1.83182895184
355.0 3.2 1.63452231884
355.0 3.31 1.63452231884
355.0 3.42 1.47025287151
355.0 3.53 1.39831352234
355.0 3.64 1.39831352234
355.0 3.75 1.27146482468
355.0 3.86 1.16352617741
355.0 3.97 1.11550951004
355.0 4.08 1.11550951004
355.0 4.19 1.0709682703
355.0 4.3 0.991167187691
355.0 4.41 0.95537430048
355.0 4.52 0.922009527683
355.0 4.63 0.922009527683
355.0 4.74 0.890860319138
355.0 4.85 0.808932542801
355.0 4.96 0.785024702549
355.0 5.07 0.785024702549
355.0 5.18 0.762596964836
355.0 5.29 0.721687853336
360.0 1.0 11.7861995697
360.0 1.11 10.3007249832
360.0 1.22 8.94867801666
360.0 1.33 8.94867801666
360.0 1.44 7.84092712402
360.0 1.55 5.50730895996
360.0 1.66 4.95543193817
360.0 1.77 4.95543193817
360.0 1.88 4.48220396042
360.0 1.99 3.71888375282
360.0 2.1 3.71888375282
360.0 2.21 3.13689041138
360.0 2.32 3.13689041138
360.0 2.43 2.68404650688
360.0 2.54 2.49474811554
360.0 2.65 2.17365145683
360.0 2.76 2.17365145683
360.0 2.87 1.91353034973
360.0 2.98 1.8017578125
360.0 3.09 1.8017578125
360.0 3.2 1.60779738426
360.0 3.31 1.60779738426
360.0 3.42 1.44609701633
360.0 3.53 1.37521004677
360.0 3.64 1.37521004677
360.0 3.75 1.25003051758
360.0 3.86 1.14345133305
360.0 3.97 1.09599614143
360.0 4.08 1.09599614143
360.0 4.19 1.05195844173
360.0 4.3 0.972930490971
360.0 4.41 0.937462568283
360.0 4.52 0.904374182224
360.0 4.63 0.904374182224
360.0 4.74 0.873476684093
360.0 4.85 0.792127132416
360.0 4.96 0.768334209919
360.0 5.07 0.768334209919
360.0 5.18 0.746015250683
360.0 5.29 0.705319881439
365.0 1.0 11.4279499054
365.0 1.11 9.99404430389
365.0 1.22 8.68906497955
365.0 1.33 8.68906497955
365.0 1.44 7.61944961548
365.0 1.55 5.36395549774
365.0 1.66 4.82974052429
365.0 1.77 4.82974052429
365.0 1.88 4.37123250961
365.0 1.99 3.63066768646
365.0 2.1 3.63066768646
365.0 2.21 3.06500697136
365.0 2.32 3.06500697136
365.0 2.43 2.62406778336
365.0 2.54 2.43956923485
365.0 2.65 2.12635803223
365.0 2.76 2.12635803223
365.0 2.87 1.87218701839
365.0 2.98 1.76286041737
365.0 3.09 1.76286041737
365.0 3.2 1.57294547558
365.0 3.31 1.57294547558
365.0 3.42 1.41445934772
365.0 3.53 1.34493196011
365.0 3.64 1.34493196011
365.0 3.75 1.22201347351
365.0 3.86 1.11727976799
365.0 3.97 1.07063889503
365.0 4.08 1.07063889503
365.0 4.19 1.02732431889
365.0 4.3 0.949540793896
365.0 4.41 0.91457426548
365.0 4.52 0.88196516037
365.0 4.63 0.88196516037
365.0 4.74 0.851488173008
365.0 4.85 0.771235823631
365.0 4.96 0.747713685036
365.0 5.07 0.747713685036
365.0 5.18 0.725633263588
365.0 5.29 0.685389101505
370.0 1.0 11.0654172897
370.0 1.11 9.68131828308
370.0 1.22 8.42186069489
370.0 1.33 8.42186069489
370.0 1.44 7.38947868347
370.0 1.55 5.21069478989
370.0 1.66 4.69406509399
370.0 1.77 4.69406509399
370.0 1.88 4.25034713745
370.0 1.99 3.53293371201
370.0 2.1 3.53293371201
370.0 2.21 2.98416781425
370.0 2.32 2.98416781425
370.0 2.43 2.55582880974
370.0 2.54 2.37639021873
370.0 2.65 2.07166266441
370.0 2.76 2.07166266441
370.0 2.87 1.82406818867
370.0 2.98 1.71746194363
370.0 3.09 1.71746194363
370.0 3.2 1.53214621544
370.0 3.31 1.53214621544
370.0 3.42 1.37737870216
370.0 3.53 1.3094342947
370.0 3.64 1.3094342947
370.0 3.75 1.18926787376
370.0 3.86 1.08674538136
370.0 3.97 1.0410875082
370.0 4.08 1.0410875082
370.0 4.19 0.998685896397
370.0 4.3 0.922489225864
370.0 4.41 0.888204932213
370.0 4.52 0.856195271015
370.0 4.63 0.856195271015
370.0 4.74 0.82629597187
370.0 4.85 0.747507214546
370.0 4.96 0.724404990673
370.0 5.07 0.724404990673
370.0 5.18 0.702682435513
370.0 5.29 0.663075566292
375.0 1.0 10.7012424469
375.0 1.11 9.36543464661
375.0 1.22 8.15016937256
375.0 1.33 8.15016937256
375.0 1.44 7.15398311615
375.0 1.55 5.05063819885
375.0 1.66 4.55146884918
375.0 1.77 4.55146884918
375.0 1.88 4.12250328064
375.0 1.99 3.42839407921
375.0 2.1 3.42839407921
375.0 2.21 2.8968975544
375.0 2.32 2.8968975544
375.0 2.43 2.48165559769
375.0 2.54 2.30746936798
375.0 2.65 2.01163125038
375.0 2.76 2.01163125038
375.0 2.87 1.77110099792
375.0 2.98 1.6674478054
375.0 3.09 1.6674478054
375.0 3.2 1.48715174198
375.0 3.31 1.48715174198
375.0 3.42 1.33646869659
375.0 3.53 1.27028429508
375.0 3.64 1.27028429508
375.0 3.75 1.15319359303
375.0 3.86 1.05320179462
375.0 3.97 1.00865590572
375.0 4.08 1.00865590572
375.0 4.19 0.967288672924
375.0 4.3 0.892928659916
375.0 4.41 0.859458386898
375.0 4.52 0.828182578087
375.0 4.63 0.828182578087
375.0 4.74 0.798943281174
375.0 4.85 0.721905112267
375.0 4.96 0.699316740036
375.0 5.07 0.699316740036
375.0 5.18 0.678066432476
375.0 5.29 0.639247000217
380.0 1.0 10.3378381729
380.0 1.11 9.0487575531
380.0 1.22 7.8764705658
380.0 1.33 7.8764705658
380.0 1.44 6.91558074951
380.0 1.55 4.8861489296
380.0 1.66 4.40428876877
380.0 1.77 4.40428876877
380.0 1.88 3.99004650116
380.0 1.99 3.3193128109
380.0 2.1 3.3193128109
380.0 2.21 2.80527591705
380.0 2.32 2.80527591705
380.0 2.43 2.40334248543
380.0 2.54 2.23463582993
380.0 2.65 1.94793593884
380.0 2.76 1.94793593884
380.0 2.87 1.71477913857
380.0 2.98 1.61423516273
380.0 3.09 1.61423516273
380.0 3.2 1.43926250935
380.0 3.31 1.43926250935
380.0 3.42 1.29294109344
380.0 3.53 1.22865271568
380.0 3.64 1.22865271568
380.0 3.75 1.1148750782
380.0 3.86 1.01766550541
380.0 3.97 0.974321961403
380.0 4.08 0.974321961403
380.0 4.19 0.934078097343
380.0 4.3 0.861737728119
380.0 4.41 0.829170227051
380.0 4.52 0.798730552197
380.0 4.63 0.798730552197
380.0 4.74 0.770240187645
380.0 4.85 0.6951623559
380.0 4.96 0.673149824142
380.0 5.07 0.673149824142
380.0 5.18 0.652442753315
380.0 5.29 0.614561975002
385.0 1.0 9.97714996338
385.0 1.11 8.73341083527
385.0 1.22 7.60279130936
385.0 1.33 7.60279130936
385.0 1.44 6.67628717422
385.0 1.55 4.71929216385
385.0 1.66 4.25447940826
385.0 1.77 4.25447940826
385.0 1.88 3.85481190681
385.0 1.99 3.20737314224
385.0 2.1 3.20737314224
385.0 2.21 2.71088838577
385.0 2.32 2.71088838577
385.0 2.43 2.32241916656
385.0 2.54 2.15931963921
385.0 2.65 1.88192760944
385.0 2.76 1.88192760944
385.0 2.87 1.65632963181
385.0 2.98 1.55900812149
385.0 3.09 1.55900812149
385.0 3.2 1.38956511021
385.0 3.31 1.38956511021
385.0 3.42 1.2477940321
385.0 3.53 1.1854839325
385.0 3.64 1.1854839325
385.0 3.75 1.07518529892
385.0 3.86 0.980924606323
385.0 3.97 0.938869476318
385.0 4.08 0.938869476318
385.0 4.19 0.899804592133
385.0 4.3 0.829614281654
385.0 4.41 0.798002123833
385.0 4.52 0.768459916115
385.0 4.63 0.768459916115
385.0 4.74 0.74080312252
385.0 4.85 0.667838215828
385.0 4.96 0.646440148354
385.0 5.07 0.646440148354
385.0 5.18 0.626319468021
385.0 5.29 0.589496135712
390.0 1.0 9.62084197998
390.0 1.11 8.42104244232
390.0 1.22 7.33091449738
390.0 1.33 7.33091449738
390.0 1.44 6.43785381317
390.0 1.55 4.5517077446
390.0 1.66 4.10366630554
390.0 1.77 4.10366630554
390.0 1.88 3.71838021278
390.0 1.99 3.09401583672
390.0 2.1 3.09401583672
390.0 2.21 2.61501717567
390.0 2.32 2.61501717567
390.0 2.43 2.24002766609
390.0 2.54 2.08257579803
390.0 2.65 1.81463599205
390.0 2.76 1.81463599205
390.0 2.87 1.5966886282
390.0 2.98 1.50266432762
390.0 3.09 1.50266432762
390.0 3.2 1.33888411522
390.0 3.31 1.33888411522
390.0 3.42 1.201790452
390.0 3.53 1.14152014256
390.0 3.64 1.14152014256
390.0 3.75 1.03480935097
390.0 3.86 0.943599641323
390.0 3.97 0.902897655964
390.0 4.08 0.902897655964
390.0 4.19 0.865068376064
390.0 4.3 0.797087669373
390.0 4.41 0.766483604908
390.0 4.52 0.737872779369
390.0 4.63 0.737872779369
390.0 4.74 0.711095273495
390.0 4.85 0.640359401703
390.0 4.96 0.619612038136
390.0 5.07 0.619612038136
390.0 5.18 0.600103199482
390.0 5.29 0.564411044121
395.0 1.0 9.27023124695
395.0 1.11 8.11306762695
395.0 1.22 7.06226015091
395.0 1.33 7.06226015091
395.0 1.44 6.20170402527
395.0 1.55 4.38470172882
395.0 1.66 3.95310378075
395.0 1.77 3.95310378075
395.0 1.88 3.5819504261
395.0 1.99 2.98040819168
395.0 2.1 2.98040819168
395.0 2.21 2.51873636246
395.0 2.32 2.51873636246
395.0 2.43 2.15722727776
395.0 2.54 2.0053563118
395.0 2.65 1.74690508842
395.0 2.76 1.74690508842
395.0 2.87 1.53662693501
395.0 2.98 1.44591057301
395.0 3.09 1.44591057301
395.0 3.2 1.28784739971
395.0 3.31 1.28784739971
395.0 3.42 1.15550386906
395.0 3.53 1.09731185436
395.0 3.64 1.09731185436
395.0 3.75 0.994247019291
395.0 3.86 0.906151592731
395.0 3.97 0.866833984852
395.0 4.08 0.866833984852
395.0 4.19 0.830285608768
395.0 4.3 0.764560580254
395.0 4.41 0.734984755516
395.0 4.52 0.70733320713
395.0 4.63 0.70733320713
395.0 4.74 0.681453287601
395.0 4.85 0.613034725189
395.0 4.96 0.592965066433
395.0 5.07 0.592965066433
395.0 5.18 0.574088096619
395.0 5.29 0.539562523365
400.0 1.0 8.92631721497
400.0 1.11 7.81057929993
400.0 1.22 6.79795694351
400.0 1.33 6.79795694351
400.0 1.44 5.96900939941
400.0 1.55 4.21938323975
400.0 1.66 3.80386376381
400.0 1.77 3.80386376381
400.0 1.88 3.44654965401
400.0 1.99 2.8674390316
400.0 2.1 2.8674390316
400.0 2.21 2.42287015915
400.0 2.32 2.42287015915
400.0 2.43 2.07470560074
400.0 2.54 1.92838525772
400.0 2.65 1.67938995361
400.0 2.76 1.67938995361
400.0 2.87 1.47674846649
400.0 2.98 1.38932299614
400.0 3.09 1.38932299614
400.0 3.2 1.23700237274
400.0 3.31 1.23700237274
400.0 3.42 1.10942399502
400.0 3.53 1.05330979824
400.0 3.64 1.05330979824
400.0 3.75 0.953926086426
400.0 3.86 0.86896687746
400.0 3.97 0.831041932106
400.0 4.08 0.831041932106
400.0 4.19 0.795788943768
400.0 4.3 0.732359886169
400.0 4.41 0.703814268112
400.0 4.52 0.677137076855
400.0 4.63 0.677137076855
400.0 4.74 0.652161478996
400.0 4.85 0.58611780405
400.0 4.96 0.566732406616
400.0 5.07 0.566732406616
400.0 5.18 0.548499047756
400.0 5.29 0.515155255795
405.0 1.0 8.59006118774
405.0 1.11 7.51441240311
405.0 1.22 6.53886795044
405.0 1.33 6.53886795044
405.0 1.44 5.74065828323
405.0 1.55 4.05662918091
405.0 1.66 3.65678548813
405.0 1.77 3.65678548813
405.0 1.88 3.3129901886
405.0 1.99 2.75585484505
405.0 2.1 2.75585484505
405.0 2.21 2.32808327675
405.0 2.32 2.32808327675
405.0 2.43 1.99306344986
405.0 2.54 1.85225355625
405.0 2.65 1.61257886887
405.0 2.76 1.61257886887
405.0 2.87 1.41749978065
405.0 2.98 1.33334970474
405.0 3.09 1.33334970474
405.0 3.2 1.18673014641
405.0 3.31 1.18673014641
405.0 3.42 1.06389331818
405.0 3.53 1.00986051559
405.0 3.64 1.00986051559
405.0 3.75 0.914147496223
405.0 3.86 0.832322239876
405.0 3.97 0.795792937279
405.0 4.08 0.795792937279
405.0 4.19 0.761833667755
405.0 4.3 0.700732827187
405.0 4.41 0.673203408718
405.0 4.52 0.647495269775
405.0 4.63 0.647495269775
405.0 4.74 0.62343120575
405.0 4.85 0.559808194637
405.0 4.96 0.541089773178
405.0 5.07 0.541089773178
405.0 5.18 0.523504257202
405.0 5.29 0.491345971823
410.0 1.0 8.26210975647
410.0 1.11 7.22541666031
410.0 1.22 6.28571224213
410.0 1.33 6.28571224213
410.0 1.44 5.51730871201
410.0 1.55 3.89711356163
410.0 1.66 3.51253509521
410.0 1.77 3.51253509521
410.0 1.88 3.1819126606
410.0 1.99 2.64620947838
410.0 2.1 2.64620947838
410.0 2.21 2.23491644859
410.0 2.32 2.23491644859
410.0 2.43 1.91276860237
410.0 2.54 1.77738320827
410.0 2.65 1.5468827486
410.0 2.76 1.5468827486
410.0 2.87 1.3592607975
410.0 2.98 1.27833878994
410.0 3.09 1.27833878994
410.0 3.2 1.1373462677
410.0 3.31 1.1373462677
410.0 3.42 1.01919722557
410.0 3.53 0.967227578163
410.0 3.64 0.967227578163
410.0 3.75 0.875144958496
410.0 3.86 0.796429395676
410.0 3.97 0.761291086674
410.0 4.08 0.761291086674
410.0 4.19 0.728616535664
410.0 4.3 0.669828414917
410.0 4.41 0.643334627151
410.0 4.52 0.618572056293
410.0 4.63 0.618572056293
410.0 4.74 0.595412611961
410.0 4.85 0.534193873405
410.0 4.96 0.516174912453
410.0 5.07 0.516174912453
410.0 5.18 0.499222397804
410.0 5.29 0.468240112066
415.0 1.0 7.94294548035
415.0 1.11 6.94401168823
415.0 1.22 6.03914833069
415.0 1.33 6.03914833069
415.0 1.44 5.29956579208
415.0 1.55 3.74133205414
415.0 1.66 3.37161374092
415.0 1.77 3.37161374092
415.0 1.88 3.05379891396
415.0 1.99 2.53896784782
415.0 2.1 2.53896784782
415.0 2.21 2.14377093315
415.0 2.32 2.14377093315
415.0 2.43 1.8342089653
415.0 2.54 1.70412373543
415.0 2.65 1.48262166977
415.0 2.76 1.48262166977
415.0 2.87 1.30231058598
415.0 2.98 1.22455334663
415.0 3.09 1.22455334663
415.0 3.2 1.08907783031
415.0 3.31 1.08907783031
415.0 3.42 0.97555232048
415.0 3.53 0.925611436367
415.0 3.64 0.925611436367
415.0 3.75 0.837115943432
415.0 3.86 0.761453270912
415.0 3.97 0.727688968182
415.0 4.08 0.727688968182
415.0 4.19 0.696286439896
415.0 4.3 0.639776706696
415.0 4.41 0.61431491375
415.0 4.52 0.590502202511
415.0 4.63 0.590502202511
415.0 4.74 0.568221449852
415.0 4.85 0.509370684624
415.0 4.96 0.492052078247
415.0 5.07 0.492052078247
415.0 5.18 0.475744366646
415.0 5.29 0.445926398039
420.0 1.0 7.63298416138
420.0 1.11 6.67060279846
420.0 1.22 5.79948091507
420.0 1.33 5.79948091507
420.0 1.44 5.08787107468
420.0 1.55 3.58965945244
420.0 1.66 3.23436331749
420.0 1.77 3.23436331749
420.0 1.88 2.92900252342
420.0 1.99 2.43446111679
420.0 2.1 2.43446111679
420.0 2.21 2.05494117737
420.0 2.32 2.05494117737
420.0 2.43 1.75765728951
420.0 2.54 1.63273394108
420.0 2.65 1.42005181313
420.0 2.76 1.42005181313
420.0 2.87 1.24688112736
420.0 2.98 1.1721944809
420.0 3.09 1.1721944809
420.0 3.2 1.0421192646
420.0 3.31 1.0421192646
420.0 3.42 0.93312561512
420.0 3.53 0.885163784027
420.0 3.64 0.885163784027
420.0 3.75 0.800192177296
420.0 3.86 0.727517485619
420.0 3.97 0.695096373558
420.0 4.08 0.695096373558
420.0 4.19 0.664948284626
420.0 4.3 0.610678434372
420.0 4.41 0.586224079132
420.0 4.52 0.563356697559
420.0 4.63 0.563356697559
420.0 4.74 0.541947841644
420.0 4.85 0.485407114029
420.0 4.96 0.468780487776
420.0 5.07 0.468780487776
420.0 5.18 0.45311576128
420.0 5.29 0.424454927444
425.0 1.0 7.33250808716
425.0 1.11 6.40550708771
425.0 1.22 5.56702518463
425.0 1.33 5.56702518463
425.0 1.44 4.88248443604
425.0 1.55 3.4424328804
425.0 1.66 3.10113215446
425.0 1.77 3.10113215446
425.0 1.88 2.80783224106
425.0 1.99 2.3329436779
425.0 2.1 2.3329436779
425.0 2.21 1.96863293648
425.0 2.32 1.96863293648
425.0 2.43 1.68329751492
425.0 2.54 1.56339609623
425.0 2.65 1.35929322243
425.0 2.76 1.35929322243
425.0 2.87 1.19309103489
425.0 2.98 1.1214069128
425.0 3.09 1.1214069128
425.0 3.2 0.996590614319
425.0 3.31 0.996590614319
425.0 3.42 0.892015576363
425.0 3.53 0.845994949341
425.0 3.64 0.845994949341
425.0 3.75 0.764458119869
425.0 3.86 0.694713592529
425.0 3.97 0.663591325283
425.0 4.08 0.663591325283
425.0 4.19 0.634668707848
425.0 4.3 0.582594513893
425.0 4.41 0.559128403664
425.0 4.52 0.537182986736
425.0 4.63 0.537182986736
425.0 4.74 0.516635894775
425.0 4.85 0.462349623442
425.0 4.96 0.446396410465
425.0 5.07 0.446396410465
425.0 5.18 0.431366294622
425.0 5.29 0.403842628002
430.0 1.0 7.04163646698
430.0 1.11 6.14891624451
430.0 1.22 5.34199142456
430.0 1.33 5.34199142456
430.0 1.44 4.6836271286
430.0 1.55 3.2998111248
430.0 1.66 2.97205638885
430.0 1.77 2.97205638885
430.0 1.88 2.69045448303
430.0 1.99 2.23461031914
430.0 2.1 2.23461031914
430.0 2.21 1.88503599167
430.0 2.32 1.88503599167
430.0 2.43 1.61129355431
430.0 2.54 1.49626743793
430.0 2.65 1.30047440529
430.0 2.76 1.30047440529
430.0 2.87 1.14104402065
430.0 2.98 1.07228958607
430.0 3.09 1.07228958607
430.0 3.2 0.952568173409
430.0 3.31 0.952568173409
430.0 3.42 0.852291405201
430.0 3.53 0.808163583279
430.0 3.64 0.808163583279
430.0 3.75 0.729966104031
430.0 3.86 0.663083016872
430.0 3.97 0.633230924606
430.0 4.08 0.633230924606
430.0 4.19 0.605485796928
430.0 4.3 0.555558681488
430.0 4.41 0.533054113388
430.0 4.52 0.512008547783
430.0 4.63 0.512008547783
430.0 4.74 0.492302030325
430.0 4.85 0.44021910429
430.0 4.96 0.424918800592
430.0 5.07 0.424918800592
430.0 5.18 0.410507708788
430.0 5.29 0.38410153985
435.0 1.0 6.76034212112
435.0 1.11 5.90087080002
435.0 1.22 5.12449884415
435.0 1.33 5.12449884415
435.0 1.44 4.49142885208
435.0 1.55 3.16192889214
435.0 1.66 2.84728288651
435.0 1.77 2.84728288651
435.0 1.88 2.57698249817
435.0 1.99 2.13955545425
435.0 2.1 2.13955545425
435.0 2.21 1.80423545837
435.0 2.32 1.80423545837
435.0 2.43 1.54172885418
435.0 2.54 1.43142640591
435.0 2.65 1.24368655682
435.0 2.76 1.24368655682
435.0 2.87 1.0908510685
435.0 2.98 1.0249106884
435.0 3.09 1.0249106884
435.0 3.2 0.910131931305
435.0 3.31 0.910131931305
435.0 3.42 0.814016819
435.0 3.53 0.771722018719
435.0 3.64 0.771722018719
435.0 3.75 0.696768343449
435.0 3.86 0.632664203644
435.0 3.97 0.604048132896
435.0 4.08 0.604048132896
435.0 4.19 0.577449858189
435.0 4.3 0.529596209526
435.0 4.41 0.508026063442
435.0 4.52 0.487855643034
435.0 4.63 0.487855643034
435.0 4.74 0.468967437744
435.0 4.85 0.4190312922
435.0 4.96 0.404359459877
435.0 5.07 0.404359459877
435.0 5.18 0.390549331903
435.0 5.29 0.365236401558
440.0 1.0 6.48876476288
440.0 1.11 5.6613650322
440.0 1.22 4.91452264786
440.0 1.33 4.91452264786
440.0 1.44 4.30592536926
440.0 1.55 3.02886915207
440.0 1.66 2.72687482834
440.0 1.77 2.72687482834
440.0 1.88 2.46750354767
440.0 1.99 2.04785871506
440.0 2.1 2.04785871506
440.0 2.21 1.72629785538
440.0 2.32 1.72629785538
440.0 2.43 1.47465527058
440.0 2.54 1.36892092228
440.0 2.65 1.18895971775
440.0 2.76 1.18895971775
440.0 2.87 1.04249358177
440.0 2.98 0.97930252552
440.0 3.09 0.97930252552
440.0 3.2 0.869292259216
440.0 3.31 0.869292259216
440.0 3.42 0.777203202248
440.0 3.53 0.736685037613
440.0 3.64 0.736685037613
440.0 3.75 0.664874196053
440.0 3.86 0.60346031189
440.0 3.97 0.57604521513
440.0 4.08 0.57604521513
440.0 4.19 0.550558686256
440.0 4.3 0.504707276821
440.0 4.41 0.484046041965
440.0 4.52 0.464723438025
440.0 4.63 0.464723438025
440.0 4.74 0.446628838778
440.0 4.85 0.398787379265
440.0 4.96 0.384715825319
440.0 5.07 0.384715825319
440.0 5.18 0.371484488249
440.0 5.29 0.347236335278
445.0 1.0 6.22680902481
445.0 1.11 5.43043375015
445.0 1.22 4.71211481094
445.0 1.33 4.71211481094
445.0 1.44 4.12707805634
445.0 1.55 2.90065288544
445.0 1.66 2.61085939407
445.0 1.77 2.61085939407
445.0 1.88 2.36204767227
445.0 1.99 1.95955789089
445.0 2.1 1.95955789089
445.0 2.21 1.65125799179
445.0 2.32 1.65125799179
445.0 2.43 1.41008281708
445.0 2.54 1.30877459049
445.0 2.65 1.13633275032
445.0 2.76 1.13633275032
445.0 2.87 0.995997667313
445.0 2.98 0.93547141552
445.0 3.09 0.93547141552
445.0 3.2 0.830070436001
445.0 3.31 0.830070436001
445.0 3.42 0.741861343384
445.0 3.53 0.703057825565
445.0 3.64 0.703057825565
445.0 3.75 0.634291172028
445.0 3.86 0.575468540192
445.0 3.97 0.549215495586
445.0 4.08 0.549215495586
445.0 4.19 0.524806380272
445.0 4.3 0.48089414835
445.0 4.41 0.461102664471
445.0 4.52 0.442599862814
445.0 4.63 0.442599862814
445.0 4.74 0.42527359724
445.0 4.85 0.379456341267
445.0 4.96 0.365981757641
445.0 5.07 0.365981757641
445.0 5.18 0.353296548128
445.0 5.29 0.330079436302
450.0 1.0 5.97436380386
450.0 1.11 5.20797014236
450.0 1.22 4.51717710495
450.0 1.33 4.51717710495
450.0 1.44 3.95491909981
450.0 1.55 2.77723670006
450.0 1.66 2.4991979599
450.0 1.77 2.4991979599
450.0 1.88 2.26055598259
450.0 1.99 1.87464094162
450.0 2.1 1.87464094162
450.0 2.21 1.5791169405
450.0 2.32 1.5791169405
450.0 2.43 1.34802150726
450.0 2.54 1.25098323822
450.0 2.65 1.08579647541
450.0 2.76 1.08579647541
450.0 2.87 0.951369285583
450.0 2.98 0.893402576447
450.0 3.09 0.893402576447
450.0 3.2 0.792456865311
450.0 3.31 0.792456865311
450.0 3.42 0.707983970642
450.0 3.53 0.670834183693
450.0 3.64 0.670834183693
450.0 3.75 0.604996144772
450.0 3.86 0.548679053783
450.0 3.97 0.523547291756
450.0 4.08 0.523547291756
450.0 4.19 0.500179588795
450.0 4.3 0.458138555288
450.0 4.41 0.439192503691
450.0 4.52 0.421472609043
450.0 4.63 0.421472609043
450.0 4.74 0.404887586832
450.0 4.85 0.361024111509
450.0 4.96 0.348125725985
450.0 5.07 0.348125725985
450.0 5.18 0.335978358984
450.0 5.29 0.313746958971
455.0 1.0 5.73126411438
455.0 1.11 4.99383640289
455.0 1.22 4.32962703705
455.0 1.33 4.32962703705
455.0 1.44 3.78931999207
455.0 1.55 2.65862393379
455.0 1.66 2.39188981056
455.0 1.77 2.39188981056
455.0 1.88 2.16301965714
455.0 1.99 1.79305660725
455.0 2.1 1.79305660725
455.0 2.21 1.50982880592
455.0 2.32 1.50982880592
455.0 2.43 1.28844058514
455.0 2.54 1.19549739361
455.0 2.65 1.03732073307
455.0 2.76 1.03732073307
455.0 2.87 0.908588409424
455.0 2.98 0.853079915047
455.0 3.09 0.853079915047
455.0 3.2 0.75643569231
455.0 3.31 0.75643569231
455.0 3.42 0.675552904606
455.0 3.53 0.639993607998
455.0 3.64 0.639993607998
455.0 3.75 0.576978266239
455.0 3.86 0.523072302341
455.0 3.97 0.499019354582
455.0 4.08 0.499019354582
455.0 4.19 0.476656973362
455.0 4.3 0.436416834593
455.0 4.41 0.41828635335
455.0 4.52 0.401327461004
455.0 4.63 0.401327461004
455.0 4.74 0.385448604822
455.0 4.85 0.343469381332
455.0 4.96 0.331124067307
455.0 5.07 0.331124067307
455.0 5.18 0.319498956203
455.0 5.29 0.298210948706
460.0 1.0 5.49740982056
460.0 1.11 4.78790950775
460.0 1.22 4.14929866791
460.0 1.33 4.14929866791
460.0 1.44 3.63016605377
460.0 1.55 2.54471468925
460.0 1.66 2.28886294365
460.0 1.77 2.28886294365
460.0 1.88 2.06940031052
460.0 1.99 1.71477663517
460.0 2.1 1.71477663517
460.0 2.21 1.44338154793
460.0 2.32 1.44338154793
460.0 2.43 1.2313131094
460.0 2.54 1.14230084419
460.0 2.65 0.990862369537
460.0 2.76 0.990862369537
460.0 2.87 0.867610514164
460.0 2.98 0.814466834068
460.0 3.09 0.814466834068
460.0 3.2 0.721962511539
460.0 3.31 0.721962511539
460.0 3.42 0.644531309605
460.0 3.53 0.610498547554
460.0 3.64 0.610498547554
460.0 3.75 0.550198435783
460.0 3.86 0.498616486788
460.0 3.97 0.475597172976
460.0 4.08 0.475597172976
460.0 4.19 0.454201281071
460.0 4.3 0.41569685936
460.0 4.41 0.398350477219
460.0 4.52 0.382125765085
460.0 4.63 0.382125765085
460.0 4.74 0.366929233074
460.0 4.85 0.326760441065
460.0 4.96 0.314946591854
460.0 5.07 0.314946591854
460.0 5.18 0.303824454546
460.0 5.29 0.283447116613
465.0 1.0 5.27253818512
465.0 1.11 4.59000301361
465.0 1.22 3.97609949112
465.0 1.33 3.97609949112
465.0 1.44 3.47733044624
465.0 1.55 2.43541741371
465.0 1.66 2.19002914429
465.0 1.77 2.19002914429
465.0 1.88 1.97960758209
465.0 1.99 1.63972091675
465.0 2.1 1.63972091675
465.0 2.21 1.37970805168
465.0 2.32 1.37970805168
465.0 2.43 1.1765922308
465.0 2.54 1.09136092663
465.0 2.65 0.946390330791
465.0 2.76 0.946390330791
465.0 2.87 0.828410565853
465.0 2.98 0.777543604374
465.0 3.09 0.777543604374
465.0 3.2 0.689007937908
465.0 3.31 0.689007937908
465.0 3.42 0.614899337292
465.0 3.53 0.582328081131
465.0 3.64 0.582328081131
465.0 3.75 0.524632811546
465.0 3.86 0.475283801556
465.0 3.97 0.453255921602
465.0 4.08 0.453255921602
465.0 4.19 0.432786941528
465.0 4.3 0.395953595638
465.0 4.41 0.379357308149
465.0 4.52 0.363837301731
465.0 4.63 0.363837301731
465.0 4.74 0.349301338196
465.0 4.85 0.31086820364
465.0 4.96 0.299563884735
465.0 5.07 0.299563884735
465.0 5.18 0.288923680782
465.0 5.29 0.269430369139
470.0 1.0 5.05649328232
470.0 1.11 4.3999247551
470.0 1.22 3.80980491638
470.0 1.33 3.80980491638
470.0 1.44 3.33066797256
470.0 1.55 2.33062314987
470.0 1.66 2.09528183937
470.0 1.77 2.09528183937
470.0 1.88 1.8935444355
470.0 1.99 1.56782197952
470.0 2.1 1.56782197952
470.0 2.21 1.31874144077
470.0 2.32 1.31874144077
470.0 2.43 1.12421834469
470.0 2.54 1.04261887074
470.0 2.65 0.90384209156
470.0 2.76 0.90384209156
470.0 2.87 0.790936887264
470.0 2.98 0.742252767086
470.0 3.09 0.742252767086
470.0 3.2 0.657523393631
470.0 3.31 0.657523393631
470.0 3.42 0.586610198021
470.0 3.53 0.555439174175
470.0 3.64 0.555439174175
470.0 3.75 0.500243246555
470.0 3.86 0.453037589788
470.0 3.97 0.431965053082
470.0 4.08 0.431965053082
470.0 4.19 0.412381142378
470.0 4.3 0.37715062499
470.0 4.41 0.361275404692
470.0 4.52 0.346431642771
470.0 4.63 0.346431642771
470.0 4.74 0.332529902458
470.0 4.85 0.295760601759
470.0 4.96 0.284949868917
470.0 5.07 0.284949868917
470.0 5.18 0.274770259857
470.0 5.29 0.256126075983
475.0 1.0 4.84906101227
475.0 1.11 4.21749830246
475.0 1.22 3.65026426315
475.0 1.33 3.65026426315
475.0 1.44 3.19000196457
475.0 1.55 2.23022675514
475.0 1.66 2.00454187393
475.0 1.77 2.00454187393
475.0 1.88 1.81113779545
475.0 1.99 1.49900054932
475.0 2.1 1.49900054932
475.0 2.21 1.26039850712
475.0 2.32 1.26039850712
475.0 2.43 1.07412040234
475.0 2.54 0.996002495289
475.0 2.65 0.863169670105
475.0 2.76 0.863169670105
475.0 2.87 0.755130529404
475.0 2.98 0.708545267582
475.0 3.09 0.708545267582
475.0 3.2 0.62746578455
475.0 3.31 0.62746578455
475.0 3.42 0.559625148773
475.0 3.53 0.529792070389
475.0 3.64 0.529792070389
475.0 3.75 0.476991325617
475.0 3.86 0.431838065386
475.0 3.97 0.411683022976
475.0 4.08 0.411683022976
475.0 4.19 0.392946451902
475.0 4.3 0.359252929688
475.0 4.41 0.344070404768
475.0 4.52 0.329875230789
475.0 4.63 0.329875230789
475.0 4.74 0.316580653191
475.0 4.85 0.281411349773
475.0 4.96 0.271069347858
475.0 5.07 0.271069347858
475.0 5.18 0.261332243681
475.0 5.29 0.243500873446
480.0 1.0 4.65000486374
480.0 1.11 4.04251003265
480.0 1.22 3.49730086327
480.0 1.33 3.49730086327
480.0 1.44 3.05518174171
480.0 1.55 2.13407611847
480.0 1.66 1.91765964031
480.0 1.77 1.91765964031
480.0 1.88 1.73225927353
480.0 1.99 1.43315577507
480.0 2.1 1.43315577507
480.0 2.21 1.20461499691
480.0 2.32 1.20461499691
480.0 2.43 1.02624249458
480.0 2.54 0.951455593109
480.0 2.65 0.824322760105
480.0 2.76 0.824322760105
480.0 2.87 0.720942139626
480.0 2.98 0.676366388798
480.0 3.09 0.676366388798
480.0 3.2 0.598790705204
480.0 3.31 0.598790705204
480.0 3.42 0.53388607502
480.0 3.53 0.505347728729
480.0 3.64 0.505347728729
480.0 3.75 0.454830110073
480.0 3.86 0.411642313004
480.0 3.97 0.392368912697
480.0 4.08 0.392368912697
480.0 4.19 0.374449014664
480.0 4.3 0.342222452164
480.0 4.41 0.327703118324
480.0 4.52 0.314127624035
480.0 4.63 0.314127624035
480.0 4.74 0.301416754723
480.0 4.85 0.267784953117
480.0 4.96 0.257891893387
480.0 5.07 0.257891893387
480.0 5.18 0.248577356339
480.0 5.29 0.231523141265
485.0 1.0 4.45901489258
485.0 1.11 3.87475085258
485.0 1.22 3.35071754456
485.0 1.33 3.35071754456
485.0 1.44 2.92602753639
485.0 1.55 2.04206252098
485.0 1.66 1.83453071117
485.0 1.77 1.83453071117
485.0 1.88 1.65680170059
485.0 1.99 1.37019121647
485.0 2.1 1.37019121647
485.0 2.21 1.1512953043
485.0 2.32 1.1512953043
485.0 2.43 0.980500817299
485.0 2.54 0.908901154995
485.0 2.65 0.787229061127
485.0 2.76 0.787229061127
485.0 2.87 0.688308417797
485.0 2.98 0.645662486553
485.0 3.09 0.645662486553
485.0 3.2 0.571444869041
485.0 3.31 0.571444869041
485.0 3.42 0.509353995323
485.0 3.53 0.482056498528
485.0 3.64 0.482056498528
485.0 3.75 0.433723270893
485.0 3.86 0.392419785261
485.0 3.97 0.373986810446
485.0 4.08 0.373986810446
485.0 4.19 0.356850326061
485.0 4.3 0.326028257608
485.0 4.41 0.31214427948
485.0 4.52 0.299161344767
485.0 4.63 0.299161344767
485.0 4.74 0.28700736165
485.0 4.85 0.254852712154
485.0 4.96 0.245388060808
485.0 5.07 0.245388060808
485.0 5.18 0.236479669809
485.0 5.29 0.220166727901
490.0 1.0 4.27583312988
490.0 1.11 3.71392130852
490.0 1.22 3.21027755737
490.0 1.33 3.21027755737
490.0 1.44 2.80236983299
490.0 1.55 1.95404028893
490.0 1.66 1.75503277779
490.0 1.77 1.75503277779
490.0 1.88 1.58466124535
490.0 1.99 1.31001996994
490.0 2.1 1.31001996994
490.0 2.21 1.10036671162
490.0 2.32 1.10036671162
490.0 2.43 0.936826407909
490.0 2.54 0.868280589581
490.0 2.65 0.751827001572
490.0 2.76 0.751827001572
490.0 2.87 0.657173573971
490.0 2.98 0.616376459599
490.0 3.09 0.616376459599
490.0 3.2 0.545373141766
490.0 3.31 0.545373141766
490.0 3.42 0.485978275537
490.0 3.53 0.459865033627
490.0 3.64 0.459865033627
490.0 3.75 0.413622200489
490.0 3.86 0.374122798443
490.0 3.97 0.356493771076
490.0 4.08 0.356493771076
490.0 4.19 0.34010758996
490.0 4.3 0.310626477003
490.0 4.41 0.297352612019
490.0 4.52 0.284939199686
490.0 4.63 0.284939199686
490.0 4.74 0.273316353559
490.0 4.85 0.242574498057
490.0 4.96 0.233523949981
490.0 5.07 0.233523949981
490.0 5.18 0.225002899766
490.0 5.29 0.209400117397
495.0 1.0 4.10020303726
495.0 1.11 3.55980992317
495.0 1.22 3.07576704025
495.0 1.33 3.07576704025
495.0 1.44 2.68396496773
495.0 1.55 1.86987769604
495.0 1.66 1.67904746532
495.0 1.77 1.67904746532
495.0 1.88 1.51572012901
495.0 1.99 1.25254178047
495.0 2.1 1.25254178047
495.0 2.21 1.05173552036
495.0 2.32 1.05173552036
495.0 2.43 0.895141363144
495.0 2.54 0.82952105999
495.0 2.65 0.718058824539
495.0 2.76 0.718058824539
495.0 2.87 0.627486526966
495.0 2.98 0.588455975056
495.0 3.09 0.588455975056
495.0 3.2 0.520529389381
495.0 3.31 0.520529389381
495.0 3.42 0.463712990284
495.0 3.53 0.438734292984
495.0 3.64 0.438734292984
495.0 3.75 0.394500464201
495.0 3.86 0.356715023518
495.0 3.97 0.339856922626
495.0 4.08 0.339856922626
495.0 4.19 0.324186593294
495.0 4.3 0.295990735292
495.0 4.41 0.28329589963
495.0 4.52 0.27142727375
495.0 4.63 0.27142727375
495.0 4.74 0.260314196348
495.0 4.85 0.230921119452
495.0 4.96 0.222268417478
495.0 5.07 0.222268417478
495.0 5.18 0.21411922574
495.0 5.29 0.199195995927
500.0 1.0 3.93184065819
500.0 1.11 3.4121761322
500.0 1.22 2.94697928429
500.0 1.33 2.94697928429
500.0 1.44 2.57064509392
500.0 1.55 1.78939986229
500.0 1.66 1.60641288757
500.0 1.77 1.60641288757
500.0 1.88 1.44984376431
500.0 1.99 1.19765520096
500.0 2.1 1.19765520096
500.0 2.21 1.00531721115
500.0 2.32 1.00531721115
500.0 2.43 0.855372846127
500.0 2.54 0.792552053928
500.0 2.65 0.68585807085
500.0 2.76 0.68585807085
500.0 2.87 0.59918731451
500.0 2.98 0.561845302582
500.0 3.09 0.561845302582
500.0 3.2 0.496862977743
500.0 3.31 0.496862977743
500.0 3.42 0.44250997901
500.0 3.53 0.418619543314
500.0 3.64 0.418619543314
500.0 3.75 0.376308083534
500.0 3.86 0.340159356594
500.0 3.97 0.324036002159
500.0 4.08 0.324036002159
500.0 4.19 0.309050500393
500.0 4.3 0.282086610794
500.0 4.41 0.269941091537
500.0 4.52 0.258593916893
500.0 4.63 0.258593916893
500.0 4.74 0.247968047857
500.0 4.85 0.219864264131
500.0 4.96 0.211592152715
500.0 5.07 0.211592152715
500.0 5.18 0.203799411654
500.0 5.29 0.189527004957
505.0 1.0 3.77050042152
505.0 1.11 3.27075457573
505.0 1.22 2.82368946075
505.0 1.33 2.82368946075
505.0 1.44 2.46222376823
505.0 1.55 1.71247851849
505.0 1.66 1.53700637817
505.0 1.77 1.53700637817
505.0 1.88 1.38690805435
505.0 1.99 1.14524352551
505.0 2.1 1.14524352551
505.0 2.21 0.961004018784
505.0 2.32 0.961004018784
505.0 2.43 0.81743234396
505.0 2.54 0.757287144661
505.0 2.65 0.655158936977
505.0 2.76 0.655158936977
505.0 2.87 0.572219729424
505.0 2.98 0.536488592625
505.0 3.09 0.536488592625
505.0 3.2 0.474323242903
505.0 3.31 0.474323242903
505.0 3.42 0.422327011824
505.0 3.53 0.399475038052
505.0 3.64 0.399475038052
505.0 3.75 0.359001934528
505.0 3.86 0.324415683746
505.0 3.97 0.308996707201
505.0 4.08 0.308996707201
505.0 4.19 0.294664442539
505.0 4.3 0.268878400326
505.0 4.41 0.25726082921
505.0 4.52 0.246405556798
505.0 4.63 0.246405556798
505.0 4.74 0.236247181892
505.0 4.85 0.209375366569
505.0 4.96 0.201466396451
505.0 5.07 0.201466396451
505.0 5.18 0.194014772773
505.0 5.29 0.180364117026
510.0 1.0 3.61596632004
510.0 1.11 3.13535904884
510.0 1.22 2.70568728447
510.0 1.33 2.70568728447
510.0 1.44 2.35849332809
510.0 1.55 1.63897037506
510.0 1.66 1.47070014477
510.0 1.77 1.47070014477
510.0 1.88 1.32680308819
510.0 1.99 1.09520900249
510.0 2.1 1.09520900249
510.0 2.21 0.918721795082
510.0 2.32 0.918721795082
510.0 2.43 0.781242728233
510.0 2.54 0.723657786846
510.0 2.65 0.625892758369
510.0 2.76 0.625892758369
510.0 2.87 0.546522021294
510.0 2.98 0.512329339981
510.0 3.09 0.512329339981
510.0 3.2 0.452852040529
510.0 3.31 0.452852040529
510.0 3.42 0.403111368418
510.0 3.53 0.381249725819
510.0 3.64 0.381249725819
510.0 3.75 0.342534512281
510.0 3.86 0.30944827199
510.0 3.97 0.294695317745
510.0 4.08 0.294695317745
510.0 4.19 0.280988454819
510.0 4.3 0.256328552961
510.0 4.41 0.245216339827
510.0 4.52 0.234830409288
510.0 4.63 0.234830409288
510.0 4.74 0.225115343928
510.0 4.85 0.199422687292
510.0 4.96 0.191860541701
510.0 5.07 0.191860541701
510.0 5.18 0.18473482132
510.0 5.29 0.171678826213
515.0 1.0 3.46790599823
515.0 1.11 3.0057425499
515.0 1.22 2.59280395508
515.0 1.33 2.59280395508
515.0 1.44 2.259298563
515.0 1.55 1.56872522831
515.0 1.66 1.40735828876
515.0 1.77 1.40735828876
515.0 1.88 1.26940238476
515.0 1.99 1.04744923115
515.0 2.1 1.04744923115
515.0 2.21 0.878384709358
515.0 2.32 0.878384709358
515.0 2.43 0.746728956699
515.0 2.54 0.691595256329
515.0 2.65 0.598000228405
515.0 2.76 0.598000228405
515.0 2.87 0.522036373615
515.0 2.98 0.489316701889
515.0 3.09 0.489316701889
515.0 3.2 0.432404518127
515.0 3.31 0.432404518127
515.0 3.42 0.384819507599
515.0 3.53 0.363905519247
515.0 3.64 0.363905519247
515.0 3.75 0.326869666576
515.0 3.86 0.295219004154
515.0 3.97 0.281100273132
515.0 4.08 0.281100273132
515.0 4.19 0.267990201712
515.0 4.3 0.244404822588
515.0 4.41 0.233776733279
515.0 4.52 0.223841175437
515.0 4.63 0.223841175437
515.0 4.74 0.214546129107
515.0 4.85 0.18997913599
515.0 4.96 0.182748094201
515.0 5.07 0.182748094201
515.0 5.18 0.175934880972
515.0 5.29 0.163446083665
520.0 1.0 3.32611584663
520.0 1.11 2.88165235519
520.0 1.22 2.48478317261
520.0 1.33 2.48478317261
520.0 1.44 2.1644423008
520.0 1.55 1.50163435936
520.0 1.66 1.34687066078
520.0 1.77 1.34687066078
520.0 1.88 1.21459817886
520.0 1.99 1.0018645525
520.0 2.1 1.0018645525
520.0 2.21 0.839901447296
520.0 2.32 0.839901447296
520.0 2.43 0.713813185692
520.0 2.54 0.661023855209
520.0 2.65 0.571416974068
520.0 2.76 0.571416974068
520.0 2.87 0.49870544672
520.0 2.98 0.467393606901
520.0 3.09 0.467393606901
520.0 3.2 0.412935495377
520.0 3.31 0.412935495377
520.0 3.42 0.36740604043
520.0 3.53 0.347399950027
520.0 3.64 0.347399950027
520.0 3.75 0.311968326569
520.0 3.86 0.281688868999
520.0 3.97 0.268182218075
520.0 4.08 0.268182218075
520.0 4.19 0.255633503199
520.0 4.3 0.233076140285
520.0 4.41 0.222911000252
520.0 4.52 0.213406741619
520.0 4.63 0.213406741619
520.0 4.74 0.204511761665
520.0 4.85 0.181017830968
520.0 4.96 0.174103707075
520.0 5.07 0.174103707075
520.0 5.18 0.167588055134
520.0 5.29 0.155642777681
525.0 1.0 3.19033956528
525.0 1.11 2.76290249825
525.0 1.22 2.38145661354
525.0 1.33 2.38145661354
525.0 1.44 2.07372975349
525.0 1.55 1.4375525713
525.0 1.66 1.28911614418
525.0 1.77 1.28911614418
525.0 1.88 1.16229009628
525.0 1.99 0.95837777853
525.0 2.1 0.95837777853
525.0 2.21 0.803201258183
525.0 2.32 0.803201258183
525.0 2.43 0.682432591915
525.0 2.54 0.631881058216
525.0 2.65 0.54608798027
525.0 2.76 0.54608798027
525.0 2.87 0.47648024559
525.0 2.98 0.446512699127
525.0 3.09 0.446512699127
525.0 3.2 0.394395023584
525.0 3.31 0.394395023584
525.0 3.42 0.350830405951
525.0 3.53 0.331688284874
525.0 3.64 0.331688284874
525.0 3.75 0.297791659832
525.0 3.86 0.268822044134
525.0 3.97 0.255899906158
525.0 4.08 0.255899906158
525.0 4.19 0.243891969323
525.0 4.3 0.222311750054
525.0 4.41 0.212588012218
525.0 4.52 0.203496441245
525.0 4.63 0.203496441245
525.0 4.74 0.194986239076
525.0 4.85 0.172513157129
525.0 4.96 0.165900498629
525.0 5.07 0.165900498629
525.0 5.18 0.159670218825
525.0 5.29 0.14824488759
530.0 1.0 3.06029605865
530.0 1.11 2.64924430847
530.0 1.22 2.28262758255
530.0 1.33 2.28262758255
530.0 1.44 1.9870095253
530.0 1.55 1.37634181976
530.0 1.66 1.23396170139
530.0 1.77 1.23396170139
530.0 1.88 1.11234545708
530.0 1.99 0.916880726814
530.0 2.1 0.916880726814
530.0 2.21 0.768196880817
530.0 2.32 0.768196880817
530.0 2.43 0.652517795563
530.0 2.54 0.604106545448
530.0 2.65 0.521958887577
530.0 2.76 0.521958887577
530.0 2.87 0.455316394567
530.0 2.98 0.426630318165
530.0 3.09 0.426630318165
530.0 3.2 0.376747995615
530.0 3.31 0.376747995615
530.0 3.42 0.335055738688
530.0 3.53 0.316740512848
530.0 3.64 0.316740512848
530.0 3.75 0.284308731556
530.0 3.86 0.256589204073
530.0 3.97 0.244225472212
530.0 4.08 0.244225472212
530.0 4.19 0.23273614049
530.0 4.3 0.21208588779
530.0 4.41 0.202783584595
530.0 4.52 0.194085896015
530.0 4.63 0.194085896015
530.0 4.74 0.185943230987
530.0 4.85 0.164442226291
530.0 4.96 0.158118337393
530.0 5.07 0.158118337393
530.0 5.18 0.152159914374
530.0 5.29 0.141231760383
535.0 1.0 2.93591117859
535.0 1.11 2.54045772552
535.0 1.22 2.18807840347
535.0 1.33 2.18807840347
535.0 1.44 1.90409052372
535.0 1.55 1.31789112091
535.0 1.66 1.1813095808
535.0 1.77 1.1813095808
535.0 1.88 1.06467843056
535.0 1.99 0.87729126215
535.0 2.1 0.87729126215
535.0 2.21 0.734807908535
535.0 2.32 0.734807908535
535.0 2.43 0.623994171619
535.0 2.54 0.577626883984
535.0 2.65 0.498961508274
535.0 2.76 0.498961508274
535.0 2.87 0.435153752565
535.0 2.98 0.407692402601
535.0 3.09 0.407692402601
535.0 3.2 0.359945625067
535.0 3.31 0.359945625067
535.0 3.42 0.320041805506
535.0 3.53 0.302514344454
535.0 3.64 0.302514344454
535.0 3.75 0.271482348442
535.0 3.86 0.244957253337
535.0 3.97 0.233126610518
535.0 4.08 0.233126610518
535.0 4.19 0.22213293612
535.0 4.3 0.202368810773
535.0 4.41 0.193470209837
535.0 4.52 0.185148209333
535.0 4.63 0.185148209333
535.0 4.74 0.177357017994
535.0 4.85 0.156780928373
535.0 4.96 0.150734528899
535.0 5.07 0.150734528899
535.0 5.18 0.14503505826
535.0 5.29 0.134582459927
540.0 1.0 2.81655168533
540.0 1.11 2.43630313873
540.0 1.22 2.09771990776
540.0 1.33 2.09771990776
540.0 1.44 1.8248077631
540.0 1.55 1.26206231117
540.0 1.66 1.13103652
540.0 1.77 1.13103652
540.0 1.88 1.01917862892
540.0 1.99 0.839522123337
540.0 2.1 0.839522123337
540.0 2.21 0.702969014645
540.0 2.32 0.702969014645
540.0 2.43 0.596805155277
540.0 2.54 0.5523904562
540.0 2.65 0.47705167532
540.0 2.76 0.47705167532
540.0 2.87 0.415951222181
540.0 2.98 0.389658331871
540.0 3.09 0.389658331871
540.0 3.2 0.34394967556
540.0 3.31 0.34394967556
540.0 3.42 0.305752635002
540.0 3.53 0.288975536823
540.0 3.64 0.288975536823
540.0 3.75 0.259279668331
540.0 3.86 0.233894065022
540.0 3.97 0.222572416067
540.0 4.08 0.222572416067
540.0 4.19 0.21205304563
540.0 4.3 0.19313699007
540.0 4.41 0.184619918466
540.0 4.52 0.176657348871
540.0 4.63 0.176657348871
540.0 4.74 0.16920183599
540.0 4.85 0.149507984519
540.0 4.96 0.143724039197
540.0 5.07 0.143724039197
540.0 5.18 0.138273686171
540.0 5.29 0.128275051713
545.0 1.0 2.70246267319
545.0 1.11 2.33675193787
545.0 1.22 2.01114082336
545.0 1.33 2.01114082336
545.0 1.44 1.74897885323
545.0 1.55 1.20873832703
545.0 1.66 1.08302891254
545.0 1.77 1.08302891254
545.0 1.88 0.975739598274
545.0 1.99 0.803478658199
545.0 2.1 0.803478658199
545.0 2.21 0.672599613667
545.0 2.32 0.672599613667
545.0 2.43 0.57088047266
545.0 2.54 0.528333127499
545.0 2.65 0.456172466278
545.0 2.76 0.456172466278
545.0 2.87 0.397660970688
545.0 2.98 0.372483849525
545.0 3.09 0.372483849525
545.0 3.2 0.328721642494
545.0 3.31 0.328721642494
545.0 3.42 0.292153298855
545.0 3.53 0.276092797518
545.0 3.64 0.276092797518
545.0 3.75 0.247670665383
545.0 3.86 0.223373934627
545.0 3.97 0.212537437677
545.0 4.08 0.212537437677
545.0 4.19 0.202469974756
545.0 4.3 0.184366077185
545.0 4.41 0.176212146878
545.0 4.52 0.168592274189
545.0 4.63 0.168592274189
545.0 4.74 0.161457180977
545.0 4.85 0.142605528235
545.0 4.96 0.137070611119
545.0 5.07 0.137070611119
545.0 5.18 0.131857082248
545.0 5.29 0.122292309999
550.0 1.0 2.59322738647
550.0 1.11 2.24147295952
550.0 1.22 1.92845475674
550.0 1.33 1.92845475674
550.0 1.44 1.67655932903
550.0 1.55 1.15779423714
550.0 1.66 1.03717005253
550.0 1.77 1.03717005253
550.0 1.88 0.934282064438
550.0 1.99 0.769104599953
550.0 2.1 0.769104599953
550.0 2.21 0.64363181591
550.0 2.32 0.64363181591
550.0 2.43 0.546159446239
550.0 2.54 0.505395293236
550.0 2.65 0.436270743608
550.0 2.76 0.436270743608
550.0 2.87 0.380233317614
550.0 2.98 0.356121838093
550.0 3.09 0.356121838093
550.0 3.2 0.314217507839
550.0 3.31 0.314217507839
550.0 3.42 0.279205739498
550.0 3.53 0.263829708099
550.0 3.64 0.263829708099
550.0 3.75 0.236621931195
550.0 3.86 0.213366374373
550.0 3.97 0.202992618084
550.0 4.08 0.202992618084
550.0 4.19 0.193355605006
550.0 4.3 0.176028430462
550.0 4.41 0.168224528432
550.0 4.52 0.160927712917
550.0 4.63 0.160927712917
550.0 4.74 0.154099598527
550.0 4.85 0.136052072048
550.0 4.96 0.130753293633
550.0 5.07 0.130753293633
550.0 5.18 0.125765264034
550.0 5.29 0.116615049541
555.0 1.0 2.48867821693
555.0 1.11 2.15031385422
555.0 1.22 1.84936928749
555.0 1.33 1.84936928749
555.0 1.44 1.60731625557
555.0 1.55 1.10918033123
555.0 1.66 0.993431925774
555.0 1.77 0.993431925774
555.0 1.88 0.894694983959
555.0 1.99 0.736271560192
555.0 2.1 0.736271560192
555.0 2.21 0.615992128849
555.0 2.32 0.615992128849
555.0 2.43 0.522576034069
555.0 2.54 0.483517736197
555.0 2.65 0.417301952839
555.0 2.76 0.417301952839
555.0 2.87 0.363648176193
555.0 2.98 0.34055685997
555.0 3.09 0.34055685997
555.0 3.2 0.300422698259
555.0 3.31 0.300422698259
555.0 3.42 0.266885638237
555.0 3.53 0.252158790827
555.0 3.64 0.252158790827
555.0 3.75 0.226106435061
555.0 3.86 0.203846737742
555.0 3.97 0.193913981318
555.0 4.08 0.193913981318
555.0 4.19 0.184688016772
555.0 4.3 0.168101623654
555.0 4.41 0.160631582141
555.0 4.52 0.153645560145
555.0 4.63 0.153645560145
555.0 4.74 0.147107645869
555.0 4.85 0.129829362035
555.0 4.96 0.124755360186
555.0 5.07 0.124755360186
555.0 5.18 0.119981609285
555.0 5.29 0.111224845052
560.0 1.0 2.38860559464
560.0 1.11 2.06310176849
560.0 1.22 1.77374899387
560.0 1.33 1.77374899387
560.0 1.44 1.54112935066
560.0 1.55 1.06274628639
560.0 1.66 0.951660752296
560.0 1.77 0.951660752296
560.0 1.88 0.856927156448
560.0 1.99 0.704974770546
560.0 2.1 0.704974770546
560.0 2.21 0.589651107788
560.0 2.32 0.589651107788
560.0 2.43 0.500112593174
560.0 2.54 0.46268299222
560.0 2.65 0.399226784706
560.0 2.76 0.399226784706
560.0 2.87 0.347805738449
560.0 2.98 0.325686305761
560.0 3.09 0.325686305761
560.0 3.2 0.287249952555
560.0 3.31 0.287249952555
560.0 3.42 0.255142331123
560.0 3.53 0.24104295671
560.0 3.64 0.24104295671
560.0 3.75 0.216097593307
560.0 3.86 0.194787934422
560.0 3.97 0.18527777493
560.0 4.08 0.18527777493
560.0 4.19 0.176442548633
560.0 4.3 0.160562768579
560.0 4.41 0.153411313891
560.0 4.52 0.146723687649
560.0 4.63 0.146723687649
560.0 4.74 0.140461280942
560.0 4.85 0.123918473721
560.0 4.96 0.119058564305
560.0 5.07 0.119058564305
560.0 5.18 0.114487722516
560.0 5.29 0.106105878949
565.0 1.0 2.29280233383
565.0 1.11 1.97966241837
565.0 1.22 1.7014323473
565.0 1.33 1.7014323473
565.0 1.44 1.47786021233
565.0 1.55 1.01840388775
565.0 1.66 0.911782264709
565.0 1.77 0.911782264709
565.0 1.88 0.820873916149
565.0 1.99 0.675108194351
565.0 2.1 0.675108194351
565.0 2.21 0.564521551132
565.0 2.32 0.564521551132
565.0 2.43 0.478687852621
565.0 2.54 0.442814290524
565.0 2.65 0.382003903389
565.0 2.76 0.382003903389
565.0 2.87 0.332735180855
565.0 2.98 0.311544299126
565.0 3.09 0.311544299126
565.0 3.2 0.27472576499
565.0 3.31 0.27472576499
565.0 3.42 0.243972525001
565.0 3.53 0.230468288064
565.0 3.64 0.230468288064
565.0 3.75 0.206576675177
565.0 3.86 0.186172693968
565.0 3.97 0.177066639066
565.0 4.08 0.177066639066
565.0 4.19 0.168605193496
565.0 4.3 0.153398752213
565.0 4.41 0.146550953388
565.0 4.52 0.140148147941
565.0 4.63 0.140148147941
565.0 4.74 0.13415260613
565.0 4.85 0.118308663368
565.0 4.96 0.113652929664
565.0 5.07 0.113652929664
565.0 5.18 0.109275765717
565.0 5.29 0.101250998676
570.0 1.0 2.20110011101
570.0 1.11 1.8998144865
570.0 1.22 1.63226521015
570.0 1.33 1.63226521015
570.0 1.44 1.4173746109
570.0 1.55 0.976056098938
570.0 1.66 0.873707473278
570.0 1.77 0.873707473278
570.0 1.88 0.78646337986
570.0 1.99 0.646614015102
570.0 2.1 0.646614015102
570.0 2.21 0.540553867817
570.0 2.32 0.540553867817
570.0 2.43 0.458257913589
570.0 2.54 0.423871427774
570.0 2.65 0.365587472916
570.0 2.76 0.365587472916
570.0 2.87 0.318373769522
570.0 2.98 0.298069030046
570.0 3.09 0.298069030046
570.0 3.2 0.262795299292
570.0 3.31 0.262795299292
570.0 3.42 0.233335405588
570.0 3.53 0.220398724079
570.0 3.64 0.220398724079
570.0 3.75 0.197513073683
570.0 3.86 0.177971571684
570.0 3.97 0.169252753258
570.0 4.08 0.169252753258
570.0 4.19 0.161148875952
570.0 4.3 0.146583512425
570.0 4.41 0.140026301146
570.0 4.52 0.133895576
570.0 4.63 0.133895576
570.0 4.74 0.12815387547
570.0 4.85 0.112978205085
570.0 4.96 0.108518518507
570.0 5.07 0.108518518507
570.0 5.18 0.104325093329
570.0 5.29 0.0966411978006
575.0 1.0 2.11332082748
575.0 1.11 1.82342529297
575.0 1.22 1.56611692905
575.0 1.33 1.56611692905
575.0 1.44 1.35954368114
575.0 1.55 0.935608208179
575.0 1.66 0.837350547314
575.0 1.77 0.837350547314
575.0 1.88 0.753614127636
575.0 1.99 0.619423687458
575.0 2.1 0.619423687458
575.0 2.21 0.517690956593
575.0 2.32 0.517690956593
575.0 2.43 0.438776791096
575.0 2.54 0.405809849501
575.0 2.65 0.349941551685
575.0 2.76 0.349941551685
575.0 2.87 0.304689437151
575.0 2.98 0.285231560469
575.0 3.09 0.285231560469
575.0 3.2 0.251431554556
575.0 3.31 0.251431554556
575.0 3.42 0.223206803203
575.0 3.53 0.210812538862
575.0 3.64 0.210812538862
575.0 3.75 0.188887178898
575.0 3.86 0.170167580247
575.0 3.97 0.161818474531
575.0 4.08 0.161818474531
575.0 4.19 0.154055640101
575.0 4.3 0.140102446079
575.0 4.41 0.133822083473
575.0 4.52 0.127950251102
575.0 4.63 0.127950251102
575.0 4.74 0.122452162206
575.0 4.85 0.107914149761
575.0 4.96 0.103642009199
575.0 5.07 0.103642009199
575.0 5.18 0.099623337388
575.0 5.29 0.092264868319
580.0 1.0 2.02930474281
580.0 1.11 1.75033688545
580.0 1.22 1.50285255909
580.0 1.33 1.50285255909
580.0 1.44 1.30425906181
580.0 1.55 0.896969497204
580.0 1.66 0.802627503872
580.0 1.77 0.802627503872
580.0 1.88 0.722245931625
580.0 1.99 0.593471169472
580.0 2.1 0.593471169472
580.0 2.21 0.495878905058
580.0 2.32 0.495878905058
580.0 2.43 0.420196920633
580.0 2.54 0.38858678937
580.0 2.65 0.335026741028
580.0 2.76 0.335026741028
580.0 2.87 0.291648000479
580.0 2.98 0.272998422384
580.0 3.09 0.272998422384
580.0 3.2 0.240605533123
580.0 3.31 0.240605533123
580.0 3.42 0.213559761643
580.0 3.53 0.20168377459
580.0 3.64 0.20168377459
580.0 3.75 0.18067510426
580.0 3.86 0.16273984313
580.0 3.97 0.154741168022
580.0 4.08 0.154741168022
580.0 4.19 0.147306412458
580.0 4.3 0.133937880397
580.0 4.41 0.127920612693
580.0 4.52 0.122296407819
580.0 4.63 0.122296407819
580.0 4.74 0.117030330002
580.0 4.85 0.103102013469
580.0 4.96 0.0990094467998
580.0 5.07 0.0990094467998
580.0 5.18 0.0951576903462
580.0 5.29 0.0881090313196
585.0 1.0 1.9488658905
585.0 1.11 1.68040442467
585.0 1.22 1.44235086441
585.0 1.33 1.44235086441
585.0 1.44 1.25140404701
585.0 1.55 0.860061228275
585.0 1.66 0.769467890263
585.0 1.77 0.769467890263
585.0 1.88 0.692298293114
585.0 1.99 0.56870251894
585.0 2.1 0.56870251894
585.0 2.21 0.475067704916
585.0 2.32 0.475067704916
585.0 2.43 0.402473926544
585.0 2.54 0.372159510851
585.0 2.65 0.320803791285
585.0 2.76 0.320803791285
585.0 2.87 0.279215246439
585.0 2.98 0.261337310076
585.0 3.09 0.261337310076
585.0 3.2 0.230288520455
585.0 3.31 0.230288520455
585.0 3.42 0.204369142652
585.0 3.53 0.192987680435
585.0 3.64 0.192987680435
585.0 3.75 0.172854706645
585.0 3.86 0.155668199062
585.0 3.97 0.148004099727
585.0 4.08 0.148004099727
585.0 4.19 0.140882536769
585.0 4.3 0.128072783351
585.0 4.41 0.122306540608
585.0 4.52 0.116918250918
585.0 4.63 0.116918250918
585.0 4.74 0.111873269081
585.0 4.85 0.0985281839967
585.0 4.96 0.0946064591408
585.0 5.07 0.0946064591408
585.0 5.18 0.0909153744578
585.0 5.29 0.0841606855392
590.0 1.0 1.87185060978
590.0 1.11 1.61347436905
590.0 1.22 1.38447153568
590.0 1.33 1.38447153568
590.0 1.44 1.20086550713
590.0 1.55 0.824803590775
590.0 1.66 0.737798631191
590.0 1.77 0.737798631191
590.0 1.88 0.663701355457
590.0 1.99 0.545060753822
590.0 2.1 0.545060753822
590.0 2.21 0.45520991087
590.0 2.32 0.45520991087
590.0 2.43 0.3855689466
590.0 2.54 0.356492727995
590.0 2.65 0.307243019342
590.0 2.76 0.307243019342
590.0 2.87 0.267364621162
590.0 2.98 0.250223308802
590.0 3.09 0.250223308802
590.0 3.2 0.22045750916
590.0 3.31 0.22045750916
590.0 3.42 0.195612967014
590.0 3.53 0.184704452753
590.0 3.64 0.184704452753
590.0 3.75 0.165407389402
590.0 3.86 0.148935511708
590.0 3.97 0.141590848565
590.0 4.08 0.141590848565
590.0 4.19 0.134766533971
590.0 4.3 0.122491434216
590.0 4.41 0.116965405643
590.0 4.52 0.11180126667
590.0 4.63 0.11180126667
590.0 4.74 0.10696733743
590.0 4.85 0.0941807702184
590.0 4.96 0.090420819819
590.0 5.07 0.090420819819
590.0 5.18 0.086883507669
590.0 5.29 0.0804089680314
595.0 1.0 1.79808950424
595.0 1.11 1.5494184494
595.0 1.22 1.32910299301
595.0 1.33 1.32910299301
595.0 1.44 1.15252995491
595.0 1.55 0.79111379385
595.0 1.66 0.70754724741
595.0 1.77 0.70754724741
595.0 1.88 0.636392772198
595.0 1.99 0.522494077682
595.0 2.1 0.522494077682
595.0 2.21 0.436261147261
595.0 2.32 0.436261147261
595.0 2.43 0.369442045689
595.0 2.54 0.341549009085
595.0 2.65 0.294310420752
595.0 2.76 0.294310420752
595.0 2.87 0.256067037582
595.0 2.98 0.239629000425
595.0 3.09 0.239629000425
595.0 3.2 0.211087971926
595.0 3.31 0.211087971926
595.0 3.42 0.187269374728
595.0 3.53 0.176812633872
595.0 3.64 0.176812633872
595.0 3.75 0.158313885331
595.0 3.86 0.142524212599
595.0 3.97 0.135484561324
595.0 4.08 0.135484561324
595.0 4.19 0.128943428397
595.0 4.3 0.117179639637
595.0 4.41 0.111882552505
595.0 4.52 0.10693231225
595.0 4.63 0.10693231225
595.0 4.74 0.102299720049
595.0 4.85 0.0900466814637
595.0 4.96 0.0864425003529
595.0 5.07 0.0864425003529
595.0 5.18 0.0830507278442
595.0 5.29 0.076844163239
