mA tanb xsec_gg_H180.0 1.0 17.76628685
180.0 1.11 16.7090719223
180.0 1.22 16.2192344666
180.0 1.33 16.0945608139
180.0 1.44 15.4989276886
180.0 1.55 14.8524208069
180.0 1.66 14.4347499847
180.0 1.77 14.282579422
180.0 1.88 13.9786136627
180.0 1.99 13.2240430832
180.0 2.1 13.148645401
180.0 2.21 12.4165487289
180.0 2.32 12.2767131805
180.0 2.43 11.6171793938
180.0 2.54 11.3833990097
180.0 2.65 11.0668821335
180.0 2.76 10.7503652573
180.0 2.87 10.3415007591
180.0 2.98 9.94756278992
180.0 3.09 9.89288520813
180.0 3.2 9.38358211517
180.0 3.31 9.3373290062
180.0 3.42 8.87832241058
180.0 3.53 8.70740795135
180.0 3.64 8.55046215057
180.0 3.75 8.3150434494
180.0 3.86 8.10587949753
180.0 3.97 7.85505280495
180.0 4.08 7.80731678009
180.0 4.19 7.6726518631
180.0 4.3 7.38537120819
180.0 4.41 7.25061225891
180.0 4.52 7.14700603485
180.0 4.63 7.11481294632
180.0 4.74 6.96268405914
180.0 4.85 6.80423998833
180.0 4.96 6.71367998123
180.0 5.07 6.68192434311
180.0 5.18 6.62356977463
180.0 5.29 6.49363713264
185.0 1.0 17.7134037018
185.0 1.11 16.7425064087
185.0 1.22 16.14610672
185.0 1.33 15.9792349815
185.0 1.44 15.1874700546
185.0 1.55 14.3453521729
185.0 1.66 13.828685379
185.0 1.77 13.6432552338
185.0 1.88 13.2830944061
185.0 1.99 12.4177627563
185.0 2.1 12.3316192627
185.0 2.21 11.5277929306
185.0 2.32 11.3790172577
185.0 2.43 10.6795207024
185.0 2.54 10.4359350204
185.0 2.65 10.1112618446
185.0 2.76 9.78658866882
185.0 2.87 9.37511129379
185.0 2.98 8.98081111908
185.0 3.09 8.92632293701
185.0 3.2 8.42504119873
185.0 3.31 8.38022437096
185.0 3.42 7.93571186066
185.0 3.53 7.77106761932
185.0 3.64 7.62089195251
185.0 3.75 7.3956284523
185.0 3.86 7.19703741074
185.0 3.97 6.95959024429
185.0 4.08 6.91456747055
185.0 4.19 6.78795690536
185.0 4.3 6.51907444
185.0 4.41 6.39338231087
185.0 4.52 6.29687213898
185.0 4.63 6.26696028709
185.0 4.74 6.12580251694
185.0 4.85 5.97910380363
185.0 4.96 5.89554700851
185.0 5.07 5.86627817154
185.0 5.18 5.8124001503
185.0 5.29 5.69265809059
190.0 1.0 17.6887264252
190.0 1.11 16.6656011581
190.0 1.22 15.9548492432
190.0 1.33 15.7504288673
190.0 1.44 14.7905763626
190.0 1.55 13.7892513275
190.0 1.66 13.1961690903
190.0 1.77 12.9854593277
190.0 1.88 12.5838136673
190.0 1.99 11.6410015106
190.0 2.1 11.5474014282
190.0 2.21 10.698638916
190.0 2.32 10.5453186035
190.0 2.43 9.82613401413
190.0 2.54 9.57902622223
190.0 2.65 9.25373792648
190.0 2.76 8.92844963074
190.0 2.87 8.52216663361
190.0 2.98 8.13510971069
190.0 3.09 8.08187580109
190.0 3.2 7.59506845474
190.0 3.31 7.5521463871
190.0 3.42 7.1266251564
190.0 3.53 6.96973466873
190.0 3.64 6.82733278275
190.0 3.75 6.61372995377
190.0 3.86 6.42647285461
190.0 3.97 6.20307712555
190.0 4.08 6.16083812714
190.0 4.19 6.04243297577
190.0 4.3 5.79185390472
190.0 4.41 5.67515807152
190.0 4.52 5.58574438095
190.0 4.63 5.55804438591
190.0 4.74 5.42742424011
190.0 4.85 5.29183363914
190.0 4.96 5.21474237442
190.0 5.07 5.18775510788
190.0 5.18 5.13815603256
190.0 5.29 5.0279440403
195.0 1.0 17.6108760834
195.0 1.11 16.4941682816
195.0 1.22 15.6765365601
195.0 1.33 15.440032959
195.0 1.44 14.3403682709
195.0 1.55 13.2121744156
195.0 1.66 12.5614904404
195.0 1.77 12.3320074081
195.0 1.88 11.9010480881
195.0 1.99 10.9067587852
195.0 2.1 10.8082532883
195.0 2.21 9.93458271027
195.0 2.32 9.77981967926
195.0 2.43 9.05505876541
195.0 2.54 8.80840492249
195.0 2.65 8.48773050308
195.0 2.76 8.16705608368
195.0 2.87 7.77054767609
195.0 2.98 7.39497356415
195.0 3.09 7.34356307983
195.0 3.2 6.87590551376
195.0 3.31 6.83495702744
195.0 3.42 6.42940206528
195.0 3.53 6.28132772446
195.0 3.64 6.14694948196
195.0 3.75 5.94538211823
195.0 3.86 5.76949329376
195.0 3.97 5.55980539322
195.0 4.08 5.52019309998
195.0 4.19 5.40955262184
195.0 4.3 5.17622470856
195.0 4.41 5.06783638
195.0 4.52 4.98488616943
195.0 4.63 4.95922780037
195.0 4.74 4.83831701279
195.0 4.85 4.71289873123
195.0 4.96 4.64161071777
195.0 5.07 4.61665630341
195.0 5.18 4.57082195282
195.0 5.29 4.46896219254
200.0 1.0 17.4679927826
200.0 1.11 16.2493899345
200.0 1.22 15.3372011185
200.0 1.33 15.0740336418
200.0 1.44 13.8607578278
200.0 1.55 12.6334791183
200.0 1.66 11.9406732559
200.0 1.77 11.6977701187
200.0 1.88 11.2469781876
200.0 1.99 10.2211069107
200.0 2.1 10.1196432114
200.0 2.21 9.23585414886
200.0 2.32 9.08182659149
200.0 2.43 8.36144695282
200.0 2.54 8.11815166473
200.0 2.65 7.80468392372
200.0 2.76 7.49121618271
200.0 2.87 7.10836997032
200.0 2.98 6.74650363922
200.0 3.09 6.69705629349
200.0 3.2 6.25064229965
200.0 3.31 6.21171393394
200.0 3.42 5.82638463974
200.0 3.53 5.68648862839
200.0 3.64 5.56025152206
200.0 3.75 5.37089586258
200.0 3.86 5.20593757629
200.0 3.97 5.00950613022
200.0 4.08 4.9724521637
200.0 4.19 4.86896567345
200.0 4.3 4.65132713318
200.0 4.41 4.55057768822
200.0 4.52 4.47354078293
200.0 4.63 4.44972076416
200.0 4.74 4.33751974106
200.0 4.85 4.22119498253
200.0 4.96 4.15508317947
200.0 5.07 4.13193750381
200.0 5.18 4.08939142227
200.0 5.29 3.99479618073
205.0 1.0 17.2669239044
205.0 1.11 15.9510960579
205.0 1.22 14.9578332901
205.0 1.33 14.6728691101
205.0 1.44 13.368967247
205.0 1.55 12.066116333
205.0 1.66 11.3436004639
205.0 1.77 11.0915050507
205.0 1.88 10.6281612396
205.0 1.99 9.58609285355
205.0 2.1 9.48317813873
205.0 2.21 8.60033035278
205.0 2.32 8.44843196869
205.0 2.43 7.73887271881
205.0 2.54 7.50095272064
205.0 2.65 7.1967446804
205.0 2.76 6.89253664017
205.0 2.87 6.52439436913
205.0 2.98 6.17720947266
205.0 3.09 6.12985706329
205.0 3.2 5.70489835739
205.0 3.31 5.66801838875
205.0 3.42 5.30302286148
205.0 3.53 5.17071962357
205.0 3.64 5.05212430954
205.0 3.75 4.8742313385
205.0 3.86 4.71960220337
205.0 3.97 4.53555297852
205.0 4.08 4.50085449219
205.0 4.19 4.40410485268
205.0 4.3 4.20069980621
205.0 4.41 4.10669002533
205.0 4.52 4.03496217728
205.0 4.63 4.01280856133
205.0 4.74 3.90846376419
205.0 4.85 3.80029404163
205.0 4.96 3.73882079124
205.0 5.07 3.71729874611
205.0 5.18 3.67771191597
205.0 5.29 3.58954105377
210.0 1.0 17.0196285248
210.0 1.11 15.616170311
210.0 1.22 14.5548429489
210.0 1.33 14.2523335457
210.0 1.44 12.8774402618
210.0 1.55 11.5184278488
210.0 1.66 10.7760688782
210.0 1.77 10.5181331635
210.0 1.88 10.0479808807
210.0 1.99 9.00111446381
210.0 2.1 8.89785575867
210.0 2.21 8.02370357513
210.0 2.32 7.87483863831
210.0 2.43 7.18021612167
210.0 2.54 6.9488363266
210.0 2.65 6.65496444702
210.0 2.76 6.36109256744
210.0 2.87 6.00768060684
210.0 2.98 5.67583580017
210.0 3.09 5.63074016571
210.0 3.2 5.22669839859
210.0 3.31 5.19181442261
210.0 3.42 4.84663629532
210.0 3.53 4.72174692154
210.0 3.64 4.60994882584
210.0 3.75 4.44225168228
210.0 3.86 4.29753799438
210.0 3.97 4.1251809597
210.0 4.08 4.09266042709
210.0 4.19 4.00205197334
210.0 4.3 3.81170940399
210.0 4.41 3.72377848625
210.0 4.52 3.65664601326
210.0 4.63 3.63592734337
210.0 4.74 3.53845419884
210.0 4.85 3.43751859665
210.0 4.96 3.38012590408
210.0 5.07 3.36002492905
210.0 5.18 3.32303628922
210.0 5.29 3.24060022831
215.0 1.0 16.7384376526
215.0 1.11 15.2583741188
215.0 1.22 14.1407632828
215.0 1.33 13.8243473053
215.0 1.44 12.3948961258
215.0 1.55 10.9954853058
215.0 1.66 10.2411230087
215.0 1.77 9.98000812531
215.0 1.88 9.50733203888
215.0 1.99 8.46393480301
215.0 2.1 8.36113166809
215.0 2.21 7.50069761276
215.0 2.32 7.35558176041
215.0 2.43 6.67907195091
215.0 2.54 6.45496368408
215.0 2.65 6.17155885696
215.0 2.76 5.88815402985
215.0 2.87 5.54996471405
215.0 2.98 5.233061409
215.0 3.09 5.19007015228
215.0 3.2 4.80633449554
215.0 3.31 4.77332968712
215.0 3.42 4.44681797028
215.0 3.53 4.32894420624
215.0 3.64 4.22353076935
215.0 3.75 4.06541061401
215.0 3.86 3.92951517105
215.0 3.97 3.7678668499
215.0 4.08 3.7374162674
215.0 4.19 3.6524024725
215.0 4.3 3.47393417358
215.0 4.41 3.39149785042
215.0 4.52 3.32859897614
215.0 4.63 3.30917992592
215.0 4.74 3.21776275635
215.0 4.85 3.12304699421
215.0 4.96 3.06925373077
215.0 5.07 3.05042934418
215.0 5.18 3.01576213837
215.0 5.29 2.9383389473
220.0 1.0 16.4345111847
220.0 1.11 14.8886645317
220.0 1.22 13.7250003815
220.0 1.33 13.3977454185
220.0 1.44 11.9273321152
220.0 1.55 10.5002264977
220.0 1.66 9.73989543915
220.0 1.77 9.47759342194
220.0 1.88 9.00563144684
220.0 1.99 7.97192749977
220.0 2.1 7.87018156052
220.0 2.21 7.0267791748
220.0 2.32 6.88583526611
220.0 2.43 6.22923717499
220.0 2.54 6.01265144348
220.0 2.65 5.73983407021
220.0 2.76 5.46701669693
220.0 2.87 5.14337844849
220.0 2.98 4.84092359543
220.0 3.09 4.79998540878
220.0 3.2 4.43543577194
220.0 3.31 4.40418925285
220.0 3.42 4.09511084557
220.0 3.53 3.98367190361
220.0 3.64 3.88428673744
220.0 3.75 3.73520898819
220.0 3.86 3.60706892014
220.0 3.97 3.45498497486
220.0 4.08 3.42641758919
220.0 4.19 3.34671564102
220.0 4.3 3.17917299271
220.0 4.41 3.10175061226
220.0 4.52 3.04264760017
220.0 4.63 3.0243929863
220.0 4.74 2.93845715523
220.0 4.85 2.84939002991
220.0 4.96 2.7987036705
220.0 5.07 2.78094911575
220.0 5.18 2.74823732376
220.0 5.29 2.67518939972
225.0 1.0 16.1173820496
225.0 1.11 14.5155683517
225.0 1.22 13.3145360947
225.0 1.33 12.9789795876
225.0 1.44 11.4786334991
225.0 1.55 10.0339775085
225.0 1.66 9.27238044739
225.0 1.77 9.01037216187
225.0 1.88 8.54149398804
225.0 1.99 7.52185058594
225.0 2.1 7.42158126831
225.0 2.21 6.5976524353
225.0 2.32 6.46092615128
225.0 2.43 5.8244946003
225.0 2.54 5.61559963226
225.0 2.65 5.35342741013
225.0 2.76 5.09125518799
225.0 2.87 4.78160090446
225.0 2.98 4.4926987648
225.0 3.09 4.45365047455
225.0 3.2 4.10717201233
225.0 3.31 4.07755134106
225.0 3.42 3.78460822105
225.0 3.53 3.67917990685
225.0 3.64 3.58525519371
225.0 3.75 3.44436812401
225.0 3.86 3.32350707054
225.0 3.97 3.18004341125
225.0 4.08 3.15309071541
225.0 4.19 3.07807769775
225.0 4.3 2.9206135273
225.0 4.41 2.84775221348
225.0 4.52 2.79207062721
225.0 4.63 2.77486979961
225.0 4.74 2.69384393692
225.0 4.85 2.60981631279
225.0 4.96 2.56198420525
225.0 5.07 2.54522395134
225.0 5.18 2.51430277824
225.0 5.29 2.44509797096
230.0 1.0 15.794965744
230.0 1.11 14.1456684113
230.0 1.22 12.9145078659
230.0 1.33 12.5727592468
230.0 1.44 11.0513628006
230.0 1.55 9.59699964523
230.0 1.66 8.83769855499
230.0 1.77 8.57709026337
230.0 1.88 8.11315784454
230.0 1.99 7.11030426025
230.0 2.1 7.01176309586
230.0 2.21 6.2086558342
230.0 2.32 6.0761847496
230.0 2.43 5.46002111435
230.0 2.54 5.25870275497
230.0 2.65 5.00678300858
230.0 2.76 4.75486326218
230.0 2.87 4.45859079361
230.0 2.98 4.18269376755
230.0 3.09 4.14546298981
230.0 3.2 3.81580114365
230.0 3.31 3.78769187927
230.0 3.42 3.50973544121
230.0 3.53 3.40984320641
230.0 3.64 3.32084488869
230.0 3.75 3.18734741211
230.0 3.86 3.07308773994
230.0 3.97 2.93750655651
230.0 4.08 2.91204595566
230.0 4.19 2.84124658108
230.0 4.3 2.69263839722
230.0 4.41 2.62396674156
230.0 4.52 2.57149457932
230.0 4.63 2.55525455475
230.0 4.74 2.47870931625
230.0 4.85 2.39924550056
230.0 4.96 2.35393185616
230.0 5.07 2.33804678917
230.0 5.18 2.30873370171
230.0 5.29 2.24305086136
235.0 1.0 15.4737987518
235.0 1.11 13.7840575218
235.0 1.22 12.5287485123
235.0 1.33 12.182426548
235.0 1.44 10.6469463348
235.0 1.55 9.18893575668
235.0 1.66 8.43452453613
235.0 1.77 8.17619514465
235.0 1.88 7.71849098206
235.0 1.99 6.73413786888
235.0 2.1 6.63747930527
235.0 2.21 5.85562038422
235.0 2.32 5.72737035751
235.0 2.43 5.13119029999
235.0 2.54 4.93710374832
235.0 2.65 4.69511604309
235.0 2.76 4.45312833786
235.0 2.87 4.16947197914
235.0 2.98 3.90578269958
235.0 3.09 3.87025213242
235.0 3.2 3.55613660812
235.0 3.31 3.52941563129
235.0 3.42 3.26527309418
235.0 3.53 3.17065811157
235.0 3.64 3.08626174927
235.0 3.75 2.95966720581
235.0 3.86 2.85124902725
235.0 3.97 2.72270860672
235.0 4.08 2.69859647751
235.0 4.19 2.63155670166
235.0 4.3 2.49104809761
235.0 4.41 2.42610237598
235.0 4.52 2.37644910812
235.0 4.63 2.36108920574
235.0 4.74 2.28865742683
235.0 4.85 2.21338415146
235.0 4.96 2.17037477493
235.0 5.07 2.15529203415
235.0 5.18 2.12741441727
235.0 5.29 2.06484496593
240.0 1.0 15.1592197418
240.0 1.11 13.4347213745
240.0 1.22 12.1601305008
240.0 1.33 11.8104436874
240.0 1.44 10.2661302567
240.0 1.55 8.809071064
240.0 1.66 8.0613152504
240.0 1.77 7.80580663681
240.0 1.88 7.35511159897
240.0 1.99 6.39036269188
240.0 2.1 6.29568767548
240.0 2.21 5.53506422043
240.0 2.32 5.41101770401
240.0 2.43 4.83450856209
240.0 2.54 4.64708805084
240.0 2.65 4.41449999809
240.0 2.76 4.18191194534
240.0 2.87 3.9101241827
240.0 2.98 3.65767168999
240.0 3.09 3.62367868423
240.0 3.2 3.32395029068
240.0 3.31 3.29850692749
240.0 3.42 3.04700870514
240.0 3.53 2.95697689056
240.0 3.64 2.87707014084
240.0 3.75 2.75721001625
240.0 3.86 2.65419101715
240.0 3.97 2.53197774887
240.0 4.08 2.50903463364
240.0 4.19 2.44531543255
240.0 4.3 2.31203842163
240.0 4.41 2.25045380592
240.0 4.52 2.20339155197
240.0 4.63 2.18883938789
240.0 4.74 2.12015352249
240.0 4.85 2.04868423939
240.0 4.96 2.00777904987
240.0 5.07 1.99342429638
240.0 5.18 1.96685502529
240.0 5.29 1.90714777708
245.0 1.0 14.8556985855
245.0 1.11 13.1007901192
245.0 1.22 11.8103780746
245.0 1.33 11.4583128929
245.0 1.44 9.90925636292
245.0 1.55 8.45646762848
245.0 1.66 7.71659002304
245.0 1.77 7.46429300308
245.0 1.88 7.02090997696
245.0 1.99 6.07616715431
245.0 2.1 5.98351192474
245.0 2.21 5.24387788773
245.0 2.32 5.12385082245
245.0 2.43 4.56624259949
245.0 2.54 4.38540935516
245.0 2.65 4.16154742241
245.0 2.76 3.93768548965
245.0 2.87 3.67702114582
245.0 2.98 3.43496079445
245.0 3.09 3.40237402916
245.0 3.2 3.1160492897
245.0 3.31 3.0917784214
245.0 3.42 2.85188784599
245.0 3.53 2.76607680321
245.0 3.64 2.6899377346
245.0 3.75 2.5757291317
245.0 3.86 2.47816195488
245.0 3.97 2.36226220131
245.0 4.08 2.34046721458
245.0 4.19 2.27978727818
245.0 4.3 2.15263533592
245.0 4.41 2.09403393269
245.0 4.52 2.04931378365
245.0 4.63 2.0354765892
245.0 4.74 1.97017946243
245.0 4.85 1.90224224329
245.0 4.96 1.86329748631
245.0 5.07 1.84961545467
245.0 5.18 1.8242531538
245.0 5.29 1.76710510254
250.0 1.0 14.5669326782
250.0 1.11 12.7845487595
250.0 1.22 11.4808492661
250.0 1.33 11.1271870613
250.0 1.44 9.57631225586
250.0 1.55 8.12990069389
250.0 1.66 7.39868478775
250.0 1.77 7.14981889725
250.0 1.88 6.71394586563
250.0 1.99 5.78905005455
250.0 2.1 5.69839143753
250.0 2.21 4.97910261154
250.0 2.32 4.86288499832
250.0 2.43 4.32326345444
250.0 2.54 4.1488442421
250.0 2.65 3.93302381039
250.0 2.76 3.71720337868
250.0 2.87 3.46684150696
250.0 2.98 3.23480620384
250.0 3.09 3.20362186432
250.0 3.2 2.92948651314
250.0 3.31 2.90630040169
250.0 3.42 2.67712550163
250.0 3.53 2.59512591362
250.0 3.64 2.52241501808
250.0 3.75 2.41334867477
250.0 3.86 2.3202881813
250.0 3.97 2.20995368958
250.0 4.08 2.18925619125
250.0 4.19 2.13175821304
250.0 4.3 2.01074767113
250.0 4.41 1.95472401381
250.0 4.52 1.91194975376
250.0 4.63 1.89873150587
250.0 4.74 1.83635883331
250.0 4.85 1.77147930861
250.0 4.96 1.73431894779
250.0 5.07 1.72126829624
250.0 5.18 1.69706499577
250.0 5.29 1.64237499237
255.0 1.0 14.2964706421
255.0 1.11 12.4880547523
255.0 1.22 11.1726522446
255.0 1.33 10.8178135872
255.0 1.44 9.26683654785
255.0 1.55 7.82810711861
255.0 1.66 7.10597982407
255.0 1.77 6.86069440842
255.0 1.88 6.43230199814
255.0 1.99 5.52689480782
255.0 2.1 5.43819379807
255.0 2.21 4.73815870285
255.0 2.32 4.62555007935
255.0 2.43 4.10288755894
255.0 2.54 3.93435549736
255.0 2.65 3.72629678249
255.0 2.76 3.51823806763
255.0 2.87 3.2774992466
255.0 2.98 3.05429582596
255.0 3.09 3.02428841591
255.0 3.2 2.76139473915
255.0 3.31 2.73924808502
255.0 3.42 2.52031054497
255.0 3.53 2.4418399334
255.0 3.64 2.37223010063
255.0 3.75 2.26781535149
255.0 3.86 2.17881236076
255.0 3.97 2.07334113121
255.0 4.08 2.05356860161
255.0 4.19 1.99861164093
255.0 4.3 1.88343036175
255.0 4.41 1.83016322851
255.0 4.52 1.78934526443
255.0 4.63 1.77668720484
255.0 4.74 1.71693747044
255.0 4.85 1.65475416183
255.0 4.96 1.61911034584
255.0 5.07 1.6065890789
255.0 5.18 1.58335757256
255.0 5.29 1.53087099791
260.0 1.0 14.0473270416
260.0 1.11 12.2129970551
260.0 1.22 10.8865833282
260.0 1.33 10.5307862282
260.0 1.44 8.9805896759
260.0 1.55 7.55008411407
260.0 1.66 6.83692941666
260.0 1.77 6.59516000748
260.0 1.88 6.17416810989
260.0 1.99 5.28771967888
260.0 2.1 5.20091962814
260.0 2.21 4.51889562607
260.0 2.32 4.40969772339
260.0 2.43 3.90301783085
260.0 2.54 3.73994517326
260.0 2.65 3.53914451599
260.0 2.76 3.33834385872
260.0 2.87 3.106199193
260.0 2.98 2.89158449173
260.0 3.09 2.86280345917
260.0 3.2 2.61009478569
260.0 3.31 2.58883566856
260.0 3.42 2.37878699303
260.0 3.53 2.30392050743
260.0 3.64 2.23724837303
260.0 3.75 2.13724017143
260.0 3.86 2.05185916424
260.0 3.97 1.95072962046
260.0 4.08 1.93178296089
260.0 4.19 1.87916606665
260.0 4.3 1.76883947849
260.0 4.41 1.7178606391
260.0 4.52 1.67886507511
260.0 4.63 1.66678737402
260.0 4.74 1.60975875854
260.0 4.85 1.55030363798
260.0 4.96 1.51604983807
260.0 5.07 1.50400340557
260.0 5.18 1.48165147305
260.0 5.29 1.4310775876
265.0 1.0 13.8227958679
265.0 1.11 11.9611005783
265.0 1.22 10.6234207153
265.0 1.33 10.2666786194
265.0 1.44 8.71721992493
265.0 1.55 7.29477643967
265.0 1.66 6.59028892517
265.0 1.77 6.35186576843
265.0 1.88 5.9379573822
265.0 1.99 5.06952672005
265.0 2.1 4.98453187943
265.0 2.21 4.31950902939
265.0 2.32 4.2134953022
265.0 2.43 3.7217249155
265.0 2.54 3.56372213364
265.0 2.65 3.36958217621
265.0 2.76 3.17544221878
265.0 2.87 2.95148248672
265.0 2.98 2.74433050156
265.0 3.09 2.71653819084
265.0 3.2 2.47359108925
265.0 3.31 2.45313162804
265.0 3.42 2.25100617409
265.0 3.53 2.17904496193
265.0 3.64 2.1152900219
265.0 3.75 2.01965761185
265.0 3.86 1.93768672943
265.0 3.97 1.84050887823
265.0 4.08 1.82228147984
265.0 4.19 1.77174791098
265.0 4.3 1.66589379311
265.0 4.41 1.61693744659
265.0 4.52 1.57949638367
265.0 4.63 1.56789990664
265.0 4.74 1.51312029362
265.0 4.85 1.45603054762
265.0 4.96 1.42322437763
265.0 5.07 1.4116922617
265.0 5.18 1.39023830891
265.0 5.29 1.34150811434
270.0 1.0 13.6266231537
270.0 1.11 11.7342964172
270.0 1.22 10.383893013
270.0 1.33 10.0260199547
270.0 1.44 8.47647342682
270.0 1.55 7.06125545502
270.0 1.66 6.36487207413
270.0 1.77 6.12958574295
270.0 1.88 5.72241792679
270.0 1.99 4.87071123123
270.0 2.1 4.78738737106
270.0 2.21 4.13827228546
270.0 2.32 4.03519744873
270.0 2.43 3.55722417831
270.0 2.54 3.4039850235
270.0 2.65 3.21597135067
270.0 2.76 3.02795767784
270.0 2.87 2.81152482033
270.0 2.98 2.61147494316
270.0 3.09 2.5846517086
270.0 3.2 2.35042643547
270.0 3.31 2.33071649075
270.0 3.42 2.13596978188
270.0 3.53 2.0665409565
270.0 3.64 2.00523052216
270.0 3.75 1.91326487064
270.0 3.86 1.83468458652
270.0 3.97 1.74140652418
270.0 4.08 1.7238817215
270.0 4.19 1.67516218424
270.0 4.3 1.57320034504
270.0 4.41 1.52614095211
270.0 4.52 1.49013197422
270.0 4.63 1.4789673686
270.0 4.74 1.42620234489
270.0 4.85 1.3711745739
270.0 4.96 1.33954575062
270.0 5.07 1.32843077183
270.0 5.18 1.30773928165
270.0 5.29 1.2607947588
275.0 1.0 13.4639186859
275.0 1.11 11.5346579552
275.0 1.22 10.1692247391
275.0 1.33 9.80973434448
275.0 1.44 8.25825710297
275.0 1.55 6.84884095192
275.0 1.66 6.15968990326
275.0 1.77 5.92720031738
275.0 1.88 5.52626800537
275.0 1.99 4.68997840881
275.0 2.1 4.6081943512
275.0 2.21 3.97375297546
275.0 2.32 3.87336525917
275.0 2.43 3.4080006361
275.0 2.54 3.25910186768
275.0 2.65 3.0767480135
275.0 2.76 2.89439415932
275.0 2.87 2.68487050533
275.0 2.98 2.49130191803
275.0 3.09 2.46535873413
275.0 3.2 2.23881435394
275.0 3.31 2.21983356476
275.0 3.42 2.03225362301
275.0 3.53 1.96524226665
275.0 3.64 1.90597088337
275.0 3.75 1.81706380844
275.0 3.86 1.74157657623
275.0 3.97 1.65193593502
275.0 4.08 1.63508629799
275.0 4.19 1.58818615675
275.0 4.3 1.48973619938
275.0 4.41 1.44431086779
275.0 4.52 1.40957486629
275.0 4.63 1.39881759882
275.0 4.74 1.34794359207
275.0 4.85 1.29482555389
275.0 4.96 1.26422362328
275.0 5.07 1.25346064568
275.0 5.18 1.23345665932
275.0 5.29 1.18803788424
280.0 1.0 13.3412847519
280.0 1.11 11.3653924942
280.0 1.22 9.9808473587
280.0 1.33 9.618998909
280.0 1.44 8.06275253296
280.0 1.55 6.65695095062
280.0 1.66 5.9740228653
280.0 1.77 5.74400520325
280.0 1.88 5.34853935242
280.0 1.99 4.52617425919
280.0 2.1 4.44578552246
280.0 2.21 3.82475113869
280.0 2.32 3.72680478096
280.0 2.43 3.2729036808
280.0 2.54 3.12796711922
280.0 2.65 2.95074617863
280.0 2.76 2.77352523804
280.0 2.87 2.57028126717
280.0 2.98 2.38263177872
280.0 3.09 2.35749554634
280.0 3.2 2.13818979263
280.0 3.31 2.11982680559
280.0 3.42 1.93841536045
280.0 3.53 1.87383711338
280.0 3.64 1.81655981541
280.0 3.75 1.73064386845
280.0 3.86 1.6574639082
280.0 3.97 1.57085647583
280.0 4.08 1.55464756489
280.0 4.19 1.50959739685
280.0 4.3 1.41460931301
280.0 4.41 1.37064169645
280.0 4.52 1.33700025082
280.0 4.63 1.32658941746
280.0 4.74 1.27737715244
280.0 4.85 1.22601139545
280.0 4.96 1.19639513493
280.0 5.07 1.18597447872
280.0 5.18 1.16655604839
280.0 5.29 1.12244291306
285.0 1.0 13.2690382004
285.0 1.11 11.2307443619
285.0 1.22 9.82094955444
285.0 1.33 9.45566444397
285.0 1.44 7.89052658081
285.0 1.55 6.48527288437
285.0 1.66 5.80726976395
285.0 1.77 5.57929754257
285.0 1.88 5.18853635788
285.0 1.99 4.37843675613
285.0 2.1 4.29928016663
285.0 2.21 3.69024729729
285.0 2.32 3.59447860718
285.0 2.43 3.15084471703
285.0 2.54 3.00954008102
285.0 2.65 2.8369717598
285.0 2.76 2.66440343857
285.0 2.87 2.46681263447
285.0 2.98 2.28451485634
285.0 3.09 2.2601108551
285.0 3.2 2.04731035233
285.0 3.31 2.02950110435
285.0 3.42 1.85358848572
285.0 3.53 1.79107093811
285.0 3.64 1.73567771912
285.0 3.75 1.65258789062
285.0 3.86 1.5817419529
285.0 3.97 1.49777191877
285.0 4.08 1.48202645779
285.0 4.19 1.43833745718
285.0 4.3 1.34676980972
285.0 4.41 1.3041985631
285.0 4.52 1.27160274982
285.0 4.63 1.26149840355
285.0 4.74 1.21374361515
285.0 4.85 1.16391503811
285.0 4.96 1.13519279957
285.0 5.07 1.12508571148
285.0 5.18 1.10623958111
285.0 5.29 1.06332330704
290.0 1.0 13.2663955688
290.0 1.11 11.1378800392
290.0 1.22 9.69285774231
290.0 1.33 9.3225818634
290.0 1.44 7.74274120331
290.0 1.55 6.33389401436
290.0 1.66 5.65915956497
290.0 1.77 5.4327044487
290.0 1.88 5.04575910568
290.0 1.99 4.24609174728
290.0 2.1 4.16798830032
290.0 2.21 3.5694668293
290.0 2.32 3.47562804222
290.0 2.43 3.04106945992
290.0 2.54 2.90292811394
290.0 2.65 2.73454070091
290.0 2.76 2.56615328789
290.0 2.87 2.37366139889
290.0 2.98 2.19615049362
290.0 3.09 2.17239689827
290.0 3.2 1.96544122696
290.0 3.31 1.9481340766
290.0 3.42 1.77718803883
290.0 3.53 1.71646130085
290.0 3.64 1.66279919147
290.0 3.75 1.58230602741
290.0 3.86 1.51354842186
290.0 3.97 1.43208011389
290.0 4.08 1.41681015491
290.0 4.19 1.37433083057
290.0 4.3 1.28537011147
290.0 4.41 1.24419878721
290.0 4.52 1.21266448498
290.0 4.63 1.20285038948
290.0 4.74 1.15642831326
290.0 4.85 1.10793602467
290.0 4.96 1.07997493744
290.0 5.07 1.07013988495
290.0 5.18 1.0517988205
290.0 5.29 1.01002762318
295.0 1.0 13.3820619583
295.0 1.11 11.0990418434
295.0 1.22 9.60235977173
295.0 1.33 9.22463178635
295.0 1.44 7.62140445709
295.0 1.55 6.20344376564
295.0 1.66 5.52986602783
295.0 1.77 5.30425930023
295.0 1.88 4.91998996735
295.0 1.99 4.12867217064
295.0 2.1 4.05142211914
295.0 2.21 3.46174097061
295.0 2.32 3.36957802773
295.0 2.43 2.94290192127
295.0 2.54 2.80751180649
295.0 2.65 2.64281713963
295.0 2.76 2.47812247276
295.0 2.87 2.29017908573
295.0 2.98 2.11690692902
295.0 3.09 2.0937256813
295.0 3.2 1.8920006752
295.0 3.31 1.87514115572
295.0 3.42 1.70860848427
295.0 3.53 1.6494204998
295.0 3.64 1.59721894264
295.0 3.75 1.5189166069
295.0 3.86 1.45213575363
295.0 3.97 1.37294383049
295.0 4.08 1.35808467865
295.0 4.19 1.3168166399
295.0 4.3 1.23019874096
295.0 4.41 1.19012550116
295.0 4.52 1.15945315361
295.0 4.63 1.14993735552
295.0 4.74 1.10482437611
295.0 4.85 1.05757761002
295.0 4.96 1.03028168678
295.0 5.07 1.02067279816
295.0 5.18 1.00275187492
295.0 5.29 0.961961507797
300.0 1.0 13.813337326
300.0 1.11 11.1418284416
300.0 1.22 9.55966758728
300.0 1.33 9.17050466537
300.0 1.44 7.53025169373
300.0 1.55 6.09521579742
300.0 1.66 5.42008161545
300.0 1.77 5.19447660446
300.0 1.88 4.8115603447
300.0 1.99 4.02601175308
300.0 2.1 3.94936513901
300.0 2.21 3.36671543121
300.0 2.32 3.2759519577
300.0 2.43 2.8558927536
300.0 2.54 2.72288036346
300.0 2.65 2.56132423878
300.0 2.76 2.39976811409
300.0 2.87 2.21578676701
300.0 2.98 2.04627046585
300.0 3.09 2.02360367775
300.0 3.2 1.8264311552
300.0 3.31 1.80996402502
300.0 3.42 1.6473200798
300.0 3.53 1.58956098557
300.0 3.64 1.53859272003
300.0 3.75 1.46214032173
300.0 3.86 1.39711227417
300.0 3.97 1.31996132135
300.0 4.08 1.30547606945
300.0 4.19 1.26521289349
300.0 4.3 1.18076014519
300.0 4.41 1.14163696766
300.0 4.52 1.1116874218
300.0 4.63 1.10239803791
300.0 4.74 1.05843734741
300.0 4.85 1.01241761446
300.0 4.96 0.985706532001
300.0 5.07 0.976293504238
300.0 5.18 0.958747851849
300.0 5.29 0.918730008602
305.0 1.0 13.9920272827
305.0 1.11 11.4590950966
305.0 1.22 9.58694839478
305.0 1.33 9.17852649689
305.0 1.44 7.47607479095
305.0 1.55 6.01163005829
305.0 1.66 5.33130245209
305.0 1.77 5.10457992554
305.0 1.88 4.721326828
305.0 1.99 3.93840327263
305.0 2.1 3.86205768585
305.0 2.21 3.2844388485
305.0 2.32 3.19475998878
305.0 2.43 2.77984955311
305.0 2.54 2.64872789383
305.0 2.65 2.48975992203
305.0 2.76 2.33079195023
305.0 2.87 2.15014996529
305.0 2.98 1.98382043839
305.0 3.09 1.96159255505
305.0 3.2 1.7683339119
305.0 3.31 1.75220942497
305.0 3.42 1.59294848442
305.0 3.53 1.53638625145
305.0 3.64 1.48648290634
305.0 3.75 1.41162788868
305.0 3.86 1.34805474281
305.0 3.97 1.27269717455
305.0 4.08 1.25856482983
305.0 4.19 1.21920609474
305.0 4.3 1.13661205769
305.0 4.41 1.09835401773
305.0 4.52 1.06903457642
305.0 4.63 1.05994192362
305.0 4.74 1.01689734459
305.0 4.85 0.97187897563
305.0 4.96 0.945831799507
305.0 5.07 0.936650872231
305.0 5.18 0.919444966316
305.0 5.29 0.880098551512
310.0 1.0 14.0670433044
310.0 1.11 11.6629042625
310.0 1.22 9.86630058289
310.0 1.33 9.38260889053
310.0 1.44 7.47409820557
310.0 1.55 5.95743465424
310.0 1.66 5.26644115448
310.0 1.77 5.03699111938
310.0 1.88 4.65107803345
310.0 1.99 3.86673867702
310.0 2.1 3.79030966759
310.0 2.21 3.21525669098
310.0 2.32 3.12630906105
310.0 2.43 2.71490819454
310.0 2.54 2.58515071869
310.0 2.65 2.42815601826
310.0 2.76 2.27116131783
310.0 2.87 2.09317076206
310.0 2.98 1.92940769196
310.0 3.09 1.90753734112
310.0 3.2 1.71755635738
310.0 3.31 1.70171294212
310.0 3.42 1.5452368021
310.0 3.53 1.48969519138
310.0 3.64 1.44069707394
310.0 3.75 1.36719989777
310.0 3.86 1.30478904247
310.0 3.97 1.23085771799
310.0 4.08 1.21700453758
310.0 4.19 1.17848511934
310.0 4.3 1.0974714756
310.0 4.41 1.05995098352
310.0 4.52 1.03120660782
310.0 4.63 1.02227560282
310.0 4.74 0.98000292778
310.0 4.85 0.93578016758
310.0 4.96 0.910187995434
310.0 5.07 0.901174724102
310.0 5.18 0.884337174892
310.0 5.29 0.84574379921
315.0 1.0 14.0544967651
315.0 1.11 11.763868618
315.0 1.22 10.0519609451
315.0 1.33 9.5889544487
315.0 1.44 7.62564182281
315.0 1.55 5.94231390953
315.0 1.66 5.23114900589
315.0 1.77 4.99629354477
315.0 1.88 4.60433416367
315.0 1.99 3.81287848949
315.0 2.1 3.73582673073
315.0 2.21 3.16010499001
315.0 2.32 3.07146368027
315.0 2.43 2.66161618233
315.0 2.54 2.53262424469
315.0 2.65 2.37690794468
315.0 2.76 2.22119164467
315.0 2.87 2.04501821995
315.0 2.98 1.88312883377
315.0 3.09 1.8615322113
315.0 3.2 1.67406570911
315.0 3.31 1.65844221115
315.0 3.42 1.50414943695
315.0 3.53 1.44942426682
315.0 3.64 1.40115280151
315.0 3.75 1.32874560356
315.0 3.86 1.26723947525
315.0 3.97 1.19441832304
315.0 4.08 1.18078243732
315.0 4.19 1.14288625717
315.0 4.3 1.06327414513
315.0 4.41 1.02630360723
315.0 4.52 0.99799734354
315.0 4.63 0.989212554693
315.0 4.74 0.947600841522
315.0 4.85 0.904033482075
315.0 4.96 0.878794980049
315.0 5.07 0.869900345802
315.0 5.18 0.853270745277
315.0 5.29 0.815278834105
320.0 1.0 13.9678955078
320.0 1.11 11.7778224945
320.0 1.22 10.1398210526
320.0 1.33 9.69626665115
320.0 1.44 7.74845695496
320.0 1.55 5.99313545227
320.0 1.66 5.23849935532
320.0 1.77 4.99277353287
320.0 1.88 4.58848619461
320.0 1.99 3.78059756756
320.0 2.1 3.70206236839
320.0 2.21 3.12102484703
320.0 2.32 3.03210759163
320.0 2.43 2.62115015984
320.0 2.54 2.4921438694
320.0 2.65 2.33685100079
320.0 2.76 2.18155813217
320.0 2.87 2.00629636049
320.0 2.98 1.84540765285
320.0 3.09 1.82396352291
320.0 3.2 1.6381456852
320.0 3.31 1.62267707586
320.0 3.42 1.46991500854
320.0 3.53 1.41573667526
320.0 3.64 1.36799035072
320.0 3.75 1.29637086391
320.0 3.86 1.23552677631
320.0 3.97 1.16347492933
320.0 4.08 1.14997959137
320.0 4.19 1.11253370047
320.0 4.3 1.03391492367
320.0 4.41 0.997446936369
320.0 4.52 0.969446122646
320.0 4.63 0.960755389929
320.0 4.74 0.919604682922
320.0 4.85 0.876531749964
320.0 4.96 0.851575815678
320.0 5.07 0.842781484127
320.0 5.18 0.826320588589
320.0 5.29 0.788644224405
325.0 1.0 13.8194408417
325.0 1.11 11.7197076797
325.0 1.22 10.1480550766
325.0 1.33 9.72173032761
325.0 1.44 7.87455062866
325.0 1.55 6.1938097477
325.0 1.66 5.3519659996
325.0 1.77 5.05880880356
325.0 1.88 4.62411642075
325.0 1.99 3.77873170376
325.0 2.1 3.69687485695
325.0 2.21 3.10240221024
325.0 2.32 3.01229019165
325.0 2.43 2.59608228207
325.0 2.54 2.46597599983
325.0 2.65 2.30985713005
325.0 2.76 2.15373826027
325.0 2.87 1.97821321487
325.0 2.98 1.81724743843
325.0 3.09 1.79581224918
325.0 3.2 1.61054491997
325.0 3.31 1.59514483213
325.0 3.42 1.44306929111
325.0 3.53 1.38917028904
325.0 3.64 1.3416883707
325.0 3.75 1.2704654932
325.0 3.86 1.21001636982
325.0 3.97 1.13840181828
325.0 4.08 1.12498104572
325.0 4.19 1.08771378994
325.0 4.3 1.00965750217
325.0 4.41 0.97347278595
325.0 4.52 0.945739388466
325.0 4.63 0.937105160952
325.0 4.74 0.896212565899
325.0 4.85 0.853406488895
325.0 4.96 0.828607153893
325.0 5.07 0.819865584373
325.0 5.18 0.803510117531
325.0 5.29 0.766039764881
330.0 1.0 13.6197433472
330.0 1.11 11.6023447037
330.0 1.22 10.091211319
330.0 1.33 9.68064937592
330.0 1.44 7.89913883209
330.0 1.55 6.27377033234
330.0 1.66 5.48962039948
330.0 1.77 5.22690010071
330.0 1.88 4.78159408569
330.0 1.99 3.83800559044
330.0 2.1 3.74553203583
330.0 2.21 3.11556434631
330.0 2.32 3.02240314484
330.0 2.43 2.59264466763
330.0 2.54 2.45937943459
330.0 2.65 2.30041706562
330.0 2.76 2.14145469666
330.0 2.87 1.96377931833
330.0 2.98 1.80108983517
330.0 3.09 1.77945411205
330.0 3.2 1.59298932552
330.0 3.31 1.57753417492
330.0 3.42 1.42493178844
330.0 3.53 1.3709076643
330.0 3.64 1.3233489275
330.0 3.75 1.2520108223
330.0 3.86 1.19153294563
330.0 3.97 1.11991065741
330.0 4.08 1.10649478436
330.0 4.19 1.06921690702
330.0 4.3 0.991157054901
330.0 4.41 0.954990071058
330.0 4.52 0.927277863026
330.0 4.63 0.918671745062
330.0 4.74 0.877852082253
330.0 4.85 0.835057228804
330.0 4.96 0.810263574123
330.0 5.07 0.801525652409
330.0 5.18 0.785181868076
330.0 5.29 0.747718298435
335.0 1.0 13.3780078888
335.0 1.11 11.436698246
335.0 1.22 9.98156166077
335.0 1.33 9.58566532135
335.0 1.44 7.86552562714
335.0 1.55 6.29229283333
335.0 1.66 5.53006563187
335.0 1.77 5.27435445786
335.0 1.88 4.83960256577
335.0 1.99 3.95262680054
335.0 2.1 3.86615037918
335.0 2.21 3.21854662895
335.0 2.32 3.11944441795
335.0 2.43 2.65317854881
335.0 2.54 2.49017882347
335.0 2.65 2.32263624668
335.0 2.76 2.15509366989
335.0 2.87 1.97102069855
335.0 2.98 1.80312747955
335.0 3.09 1.78087627888
335.0 3.2 1.58995676041
335.0 3.31 1.57422145605
335.0 3.42 1.41888978481
335.0 3.53 1.36403405666
335.0 3.64 1.31583139896
335.0 3.75 1.24352741241
335.0 3.86 1.18233735561
335.0 3.97 1.10992226601
335.0 4.08 1.09637010098
335.0 4.19 1.05873999596
335.0 4.3 0.979933917522
335.0 4.41 0.943436610699
335.0 4.52 0.915489494801
335.0 4.63 0.906810814142
335.0 4.74 0.865672850609
335.0 4.85 0.822552502155
335.0 4.96 0.797539889812
335.0 5.07 0.788724005222
335.0 5.18 0.772229015827
335.0 5.29 0.734470152855
340.0 1.0 13.1024446487
340.0 1.11 11.2320055962
340.0 1.22 9.82933044434
340.0 1.33 9.44727287292
340.0 1.44 7.78534755707
340.0 1.55 6.26217365265
340.0 1.66 5.52149181366
340.0 1.77 5.27269554138
340.0 1.88 4.84868049622
340.0 1.99 3.98054571152
340.0 2.1 3.89586448669
340.0 2.21 3.25854825974
340.0 2.32 3.1605574131
340.0 2.43 2.70763835907
340.0 2.54 2.56540846825
340.0 2.65 2.39470887184
340.0 2.76 2.22400927544
340.0 2.87 2.03252466917
340.0 2.98 1.85715577602
340.0 3.09 1.83382976055
340.0 3.2 1.63284552097
340.0 3.31 1.6162484169
340.0 3.42 1.45239903927
340.0 3.53 1.39449727535
340.0 3.64 1.33803942204
340.0 3.75 1.25335264206
340.0 3.86 1.18969759941
340.0 3.97 1.1145119071
340.0 4.08 1.10047662258
340.0 4.19 1.06161184311
340.0 4.3 0.980388224125
340.0 4.41 0.942855781317
340.0 4.52 0.914120256901
340.0 4.63 0.905211657286
340.0 4.74 0.863025259972
340.0 4.85 0.818847745657
340.0 4.96 0.793217492104
340.0 5.07 0.784182667732
340.0 5.18 0.767275595665
340.0 5.29 0.728572249413
345.0 1.0 12.7997989655
345.0 1.11 10.9963757515
345.0 1.22 9.64319229126
345.0 1.33 9.27428712845
345.0 1.44 7.66808052063
345.0 1.55 6.19343996048
345.0 1.66 5.47419471741
345.0 1.77 5.23236370087
345.0 1.88 4.81937007904
345.0 1.99 3.97136235237
345.0 2.1 3.88861131668
345.0 2.21 3.26302433014
345.0 2.32 3.16648211479
345.0 2.43 2.72006590366
345.0 2.54 2.57948875427
345.0 2.65 2.41021835804
345.0 2.76 2.24094796181
345.0 2.87 2.05046020746
345.0 2.98 1.87572615147
345.0 3.09 1.85245203972
345.0 3.2 1.6514081955
345.0 3.31 1.6347520113
345.0 3.42 1.47030739784
345.0 3.53 1.41215157509
345.0 3.64 1.36096343994
345.0 3.75 1.28418123722
345.0 3.86 1.21904397011
345.0 3.97 1.14190690517
345.0 4.08 1.12745881081
345.0 4.19 1.08737952709
345.0 4.3 1.00332200527
345.0 4.41 0.964379775524
345.0 4.52 0.934513807297
345.0 4.63 0.925234472752
345.0 4.74 0.881278920174
345.0 4.85 0.835235208273
345.0 4.96 0.808488023281
345.0 5.07 0.799048602581
345.0 5.18 0.781355273724
345.0 5.29 0.740765625238
350.0 1.0 12.476187706
350.0 1.11 10.7363660812
350.0 1.22 9.43052768707
350.0 1.33 9.07422618866
350.0 1.44 7.52174263
350.0 1.55 6.09443998337
350.0 1.66 5.39657144547
350.0 1.77 5.1617474556
350.0 1.88 4.75999879837
350.0 1.99 3.93327951431
350.0 2.1 3.85258150101
350.0 2.21 3.24031686783
350.0 2.32 3.14553685188
350.0 2.43 2.70712516308
350.0 2.54 2.56877803802
350.0 2.65 2.40175366402
350.0 2.76 2.23472929001
350.0 2.87 2.04621429443
350.0 2.98 1.87311372757
350.0 3.09 1.85003662109
350.0 3.2 1.65027034283
350.0 3.31 1.63367254734
350.0 3.42 1.46978440285
350.0 3.53 1.41175246239
350.0 3.64 1.3606200695
350.0 3.75 1.28392148018
350.0 3.86 1.21872427464
350.0 3.97 1.14146305323
350.0 4.08 1.12697887421
350.0 4.19 1.08672106266
350.0 4.3 1.00222027302
350.0 4.41 0.963024753332
350.0 4.52 0.932953596115
350.0 4.63 0.923595118523
350.0 4.74 0.879214429855
350.0 4.85 0.832669168711
350.0 4.96 0.805632150173
350.0 5.07 0.796093404293
350.0 5.18 0.778186833858
350.0 5.29 0.737009578943
355.0 1.0 12.1369161606
355.0 1.11 10.4577648163
355.0 1.22 9.19728279114
355.0 1.33 8.85317211151
355.0 1.44 7.35285644531
355.0 1.55 5.9719119072
355.0 1.66 5.29537639618
355.0 1.77 5.06759166718
355.0 1.88 4.67734355927
355.0 1.99 3.87278299332
355.0 2.1 3.7942276001
355.0 2.21 3.19661450386
355.0 2.32 3.10383877754
355.0 2.43 2.67462220192
355.0 2.54 2.53902363777
355.0 2.65 2.37494623661
355.0 2.76 2.21086883545
355.0 2.87 2.02521488667
355.0 2.98 1.85459294319
355.0 3.09 1.83182895184
355.0 3.2 1.63452231884
355.0 3.31 1.61809537411
355.0 3.42 1.45586500168
355.0 3.53 1.39831352234
355.0 3.64 1.34757404327
355.0 3.75 1.27146482468
355.0 3.86 1.20670163631
355.0 3.97 1.12991451025
355.0 4.08 1.11550951004
355.0 4.19 1.07542239428
355.0 4.3 0.991167187691
355.0 4.41 0.9520378232
355.0 4.52 0.922009527683
355.0 4.63 0.91266476512
355.0 4.74 0.868298053741
355.0 4.85 0.821693599224
355.0 4.96 0.79458783865
355.0 5.07 0.785024702549
355.0 5.18 0.767082512379
355.0 5.29 0.725778764486
360.0 1.0 11.7861995697
360.0 1.11 10.1655202866
360.0 1.22 8.94867801666
360.0 1.33 8.61635274887
360.0 1.44 7.16679267883
360.0 1.55 5.8314499855
360.0 1.66 5.17618274689
360.0 1.77 4.95543193817
360.0 1.88 4.57684955597
360.0 1.99 3.79521577358
360.0 2.1 3.71888375282
360.0 2.21 3.13689041138
360.0 2.32 3.04632163048
360.0 2.43 2.62725698948
360.0 2.54 2.49474811554
360.0 2.65 2.33419978619
360.0 2.76 2.17365145683
360.0 2.87 1.99156668186
360.0 2.98 1.82411231995
360.0 3.09 1.8017578125
360.0 3.2 1.60779738426
360.0 3.31 1.59162734747
360.0 3.42 1.43191962242
360.0 3.53 1.37521004677
360.0 3.64 1.32513823509
360.0 3.75 1.25003051758
360.0 3.86 1.18608300686
360.0 3.97 1.11023269892
360.0 4.08 1.09599614143
360.0 4.19 1.0563622117
360.0 4.3 0.972930490971
360.0 4.41 0.934153729677
360.0 4.52 0.904374182224
360.0 4.63 0.895104932785
360.0 4.74 0.851089608669
360.0 4.85 0.804818063974
360.0 4.96 0.777851378918
360.0 5.07 0.768334209919
360.0 5.18 0.75047904253
360.0 5.29 0.709389418364
365.0 1.0 11.4279499054
365.0 1.11 9.86354637146
365.0 1.22 8.68906497955
365.0 1.33 8.36818037033
365.0 1.44 6.96805953979
365.0 1.55 5.67746496201
365.0 1.66 5.04342651367
365.0 1.77 4.82974052429
365.0 1.88 4.46293411255
365.0 1.99 3.70472416878
365.0 2.1 3.63066768646
365.0 2.21 3.06500697136
365.0 2.32 2.97681913376
365.0 2.43 2.5687182188
365.0 2.54 2.43956923485
365.0 2.65 2.28296363354
365.0 2.76 2.12635803223
365.0 2.87 1.94843832254
365.0 2.98 1.78472573757
365.0 3.09 1.76286041737
365.0 3.2 1.57294547558
365.0 3.31 1.55709686279
365.0 3.42 1.4005538702
365.0 3.53 1.34493196011
365.0 3.64 1.29576456547
365.0 3.75 1.22201347351
365.0 3.86 1.1591732502
365.0 3.97 1.08463115692
365.0 4.08 1.07063889503
365.0 4.19 1.0316557765
365.0 4.3 0.949540793896
365.0 4.41 0.911313354969
365.0 4.52 0.88196516037
365.0 4.63 0.872822064161
365.0 4.74 0.829407012463
365.0 4.85 0.783760547638
365.0 4.96 0.757122540474
365.0 5.07 0.747713685036
365.0 5.18 0.730049347878
365.0 5.29 0.689413517714
370.0 1.0 11.0654172897
370.0 1.11 9.55537252426
370.0 1.22 8.42186069489
370.0 1.33 8.11214609146
370.0 1.44 6.76037597656
370.0 1.55 5.51370835304
370.0 1.66 4.90071697235
370.0 1.77 4.69406509399
370.0 1.88 4.33909072876
370.0 1.99 3.60467505455
370.0 2.1 3.53293371201
370.0 2.21 2.98416781425
370.0 2.32 2.89850001335
370.0 2.43 2.50199723244
370.0 2.54 2.37639021873
370.0 2.65 2.22402644157
370.0 2.76 2.07166266441
370.0 2.87 1.89834653139
370.0 2.98 1.73878319263
370.0 3.09 1.71746194363
370.0 3.2 1.53214621544
370.0 3.31 1.51666946411
370.0 3.42 1.36378982067
370.0 3.53 1.3094342947
370.0 3.64 1.26136772633
370.0 3.75 1.18926787376
370.0 3.86 1.12775437832
370.0 3.97 1.05478487015
370.0 4.08 1.0410875082
370.0 4.19 1.00292605758
370.0 4.3 0.922489225864
370.0 4.41 0.885003966093
370.0 4.52 0.856195271015
370.0 4.63 0.847225481272
370.0 4.74 0.804616427422
370.0 4.85 0.759802162647
370.0 4.96 0.733645880222
370.0 5.07 0.724404990673
370.0 5.18 0.707026946545
370.0 5.29 0.667036253214
375.0 1.0 10.7012424469
375.0 1.11 9.2439081192
375.0 1.22 8.15016937256
375.0 1.33 7.85131349564
375.0 1.44 6.54675369263
375.0 1.55 5.3432738781
375.0 1.66 4.75113658905
375.0 1.77 4.55146884918
375.0 1.88 4.20829639435
375.0 1.99 3.49780499935
375.0 2.1 3.42839407921
375.0 2.21 2.8968975544
375.0 2.32 2.81384916306
375.0 2.43 2.42939972878
375.0 2.54 2.30746936798
375.0 2.65 2.15955030918
375.0 2.76 2.01163125038
375.0 2.87 1.84326007366
375.0 2.98 1.68817844391
375.0 3.09 1.6674478054
375.0 3.2 1.48715174198
375.0 3.31 1.47208343744
375.0 3.42 1.32323181629
375.0 3.53 1.27028429508
375.0 3.64 1.22344801426
375.0 3.75 1.15319359303
375.0 3.86 1.09319851398
375.0 3.97 1.02201967239
375.0 4.08 1.00865590572
375.0 4.19 0.971425396204
375.0 4.3 0.892928659916
375.0 4.41 0.856330806017
375.0 4.52 0.828182578087
375.0 4.63 0.819410789013
375.0 4.74 0.777746081352
375.0 4.85 0.733927696943
375.0 4.96 0.708352088928
375.0 5.07 0.699316740036
375.0 5.18 0.682316493988
375.0 5.29 0.643128943443
380.0 1.0 10.3378381729
380.0 1.11 8.93152885437
380.0 1.22 7.8764705658
380.0 1.33 7.58820362091
380.0 1.44 6.32973861694
380.0 1.55 5.16856217384
380.0 1.66 4.5970328331
380.0 1.77 4.40428876877
380.0 1.88 4.07289495468
380.0 1.99 3.38638617992
380.0 2.1 3.3193128109
380.0 2.21 2.80527591705
380.0 2.32 2.72488923073
380.0 2.43 2.35273048878
380.0 2.54 2.23463582993
380.0 2.65 2.09128588438
380.0 2.76 1.94793593884
380.0 2.87 1.78472617865
380.0 2.98 1.6343439579
380.0 3.09 1.61423516273
380.0 3.2 1.43926250935
380.0 3.31 1.42463036776
380.0 3.42 1.28008341789
380.0 3.53 1.22865271568
380.0 3.64 1.18314166069
380.0 3.75 1.1148750782
380.0 3.86 1.05654933453
380.0 3.97 0.987325024605
380.0 4.08 0.974321961403
380.0 4.19 0.938102483749
380.0 4.3 0.861737728119
380.0 4.41 0.826126259565
380.0 4.52 0.798730552197
380.0 4.63 0.790183442831
380.0 4.74 0.749585676193
380.0 4.85 0.706883132458
380.0 4.96 0.681954836845
380.0 5.07 0.673149824142
380.0 5.18 0.65658416748
380.0 5.29 0.618350052834
385.0 1.0 9.97714996338
385.0 1.11 8.62034888268
385.0 1.22 7.60279130936
385.0 1.33 7.32484006882
385.0 1.44 6.11139268875
385.0 1.55 4.99167156219
385.0 1.66 4.4404045105
385.0 1.77 4.25447940826
385.0 1.88 3.9347454071
385.0 1.99 3.2721170187
385.0 2.1 3.20737314224
385.0 2.21 2.71088838577
385.0 2.32 2.63319454193
385.0 2.43 2.27348930836
385.0 2.54 2.15931963921
385.0 2.65 2.02062362432
385.0 2.76 1.88192760944
385.0 2.87 1.7240090251
385.0 2.98 1.57847242355
385.0 3.09 1.55900812149
385.0 3.2 1.38956511021
385.0 3.31 1.3753880024
385.0 3.42 1.23533201218
385.0 3.53 1.1854839325
385.0 3.64 1.14136447906
385.0 3.75 1.07518529892
385.0 3.86 1.01862888336
385.0 3.97 0.95148601532
385.0 4.08 0.938869476318
385.0 4.19 0.903711080551
385.0 4.3 0.829614281654
385.0 4.41 0.795047903061
385.0 4.52 0.768459916115
385.0 4.63 0.760162878036
385.0 4.74 0.720728302002
385.0 4.85 0.679227143526
385.0 4.96 0.654999375343
385.0 5.07 0.646440148354
385.0 5.18 0.630343604088
385.0 5.29 0.593178468943
390.0 1.0 9.62084197998
390.0 1.11 8.31202964783
390.0 1.22 7.33091449738
390.0 1.33 7.06299629211
390.0 1.44 5.89341602325
390.0 1.55 4.81423354149
390.0 1.66 4.28288288116
390.0 1.77 4.10366630554
390.0 1.88 3.79543743134
390.0 1.99 3.15645227432
390.0 2.1 3.09401583672
390.0 2.21 2.61501717567
390.0 2.32 2.54001927376
390.0 2.43 2.19279210567
390.0 2.54 2.08257579803
390.0 2.65 1.94860589504
390.0 2.76 1.81463599205
390.0 2.87 1.66207283735
390.0 2.98 1.52146918774
390.0 3.09 1.50266432762
390.0 3.2 1.33888411522
390.0 3.31 1.3251747489
390.0 3.42 1.18973639011
390.0 3.53 1.14152014256
390.0 3.64 1.09883582592
390.0 3.75 1.03480935097
390.0 3.86 0.980083525181
390.0 3.97 0.915108251572
390.0 4.08 0.902897655964
390.0 4.19 0.868851304054
390.0 4.3 0.797087669373
390.0 4.41 0.763622522354
390.0 4.52 0.737872779369
390.0 4.63 0.729839527607
390.0 4.74 0.69163197279
390.0 4.85 0.651398211718
390.0 4.96 0.627910983562
390.0 5.07 0.619612038136
390.0 5.18 0.604004967213
390.0 5.29 0.567980259657
395.0 1.0 9.27023124695
395.0 1.11 8.00798687935
395.0 1.22 7.06226015091
395.0 1.33 6.80409331322
395.0 1.44 5.67721939087
395.0 1.55 4.63759708405
395.0 1.66 4.12574295998
395.0 1.77 3.95310378075
395.0 1.88 3.65618109703
395.0 1.99 3.04056241512
395.0 2.1 2.98040819168
395.0 2.21 2.51873636246
395.0 2.32 2.44643454552
395.0 2.43 2.11166598797
395.0 2.54 2.0053563118
395.0 2.65 1.87613070011
395.0 2.76 1.74690508842
395.0 2.87 1.59971038103
395.0 2.98 1.46405384541
395.0 3.09 1.44591057301
395.0 3.2 1.28784739971
395.0 3.31 1.27461304665
395.0 3.42 1.14386546612
395.0 3.53 1.09731185436
395.0 3.64 1.05608592033
395.0 3.75 0.994247019291
395.0 3.86 0.941389763355
395.0 3.97 0.878629267216
395.0 4.08 0.866833984852
395.0 4.19 0.833940446377
395.0 4.3 0.764560580254
395.0 4.41 0.732219600677
395.0 4.52 0.70733320713
395.0 4.63 0.699569231272
395.0 4.74 0.662634146214
395.0 4.85 0.62372007966
395.0 4.96 0.600992929935
395.0 5.07 0.592965066433
395.0 5.18 0.577863490582
395.0 5.29 0.54301508069
400.0 1.0 8.92631721497
400.0 1.11 7.70931706429
400.0 1.22 6.79795694351
400.0 1.33 6.54927268028
400.0 1.44 5.4639509201
400.0 1.55 4.46287322044
400.0 1.66 3.97007155418
400.0 1.77 3.80386376381
400.0 1.88 3.51801247597
400.0 1.99 2.92535009384
400.0 2.1 2.8674390316
400.0 2.21 2.42287015915
400.0 2.32 2.35323724747
400.0 2.43 2.03080949783
400.0 2.54 1.92838525772
400.0 2.65 1.80388760567
400.0 2.76 1.67938995361
400.0 2.87 1.53754091263
400.0 2.98 1.40680809021
400.0 3.09 1.38932299614
400.0 3.2 1.23700237274
400.0 3.31 1.22424453497
400.0 3.42 1.09820115566
400.0 3.53 1.05330979824
400.0 3.64 1.01355631351
400.0 3.75 0.953926086426
400.0 3.86 0.902950561047
400.0 3.97 0.842419415712
400.0 4.08 0.831041932106
400.0 4.19 0.799314242601
400.0 4.3 0.732359886169
400.0 4.41 0.701146548986
400.0 4.52 0.677137076855
400.0 4.63 0.669644397497
400.0 4.74 0.634009051323
400.0 4.85 0.596449106932
400.0 4.96 0.57448656559
400.0 5.07 0.566732406616
400.0 5.18 0.552145719528
400.0 5.29 0.518489634991
405.0 1.0 8.59006118774
405.0 1.11 7.41685795784
405.0 1.22 6.53886795044
405.0 1.33 6.29940505028
405.0 1.44 5.25450735092
405.0 1.55 4.29095506668
405.0 1.66 3.81672296524
405.0 1.77 3.65678548813
405.0 1.88 3.3817492485
405.0 1.99 2.8115683794
405.0 2.1 2.75585484505
405.0 2.21 2.32808327675
405.0 2.32 2.26107931137
405.0 2.43 1.95082048178
405.0 2.54 1.85225355625
405.0 2.65 1.73241621256
405.0 2.76 1.61257886887
405.0 2.87 1.47602350712
405.0 2.98 1.35017971992
405.0 3.09 1.33334970474
405.0 3.2 1.18673014641
405.0 3.31 1.17444646358
405.0 3.42 1.05308675766
405.0 3.53 1.00986051559
405.0 3.64 0.971575307846
405.0 3.75 0.914147496223
405.0 3.86 0.865052342415
405.0 3.97 0.806751728058
405.0 4.08 0.795792937279
405.0 4.19 0.765229594707
405.0 4.3 0.700732827187
405.0 4.41 0.670632594824
405.0 4.52 0.647495269775
405.0 4.63 0.640276050568
405.0 4.74 0.605944705009
405.0 4.85 0.569761574268
405.0 4.96 0.548577141762
405.0 5.07 0.541089773178
405.0 5.18 0.527021360397
405.0 5.29 0.494561800361
410.0 1.0 8.26210975647
410.0 1.11 7.13144621849
410.0 1.22 6.28571224213
410.0 1.33 6.05519118309
410.0 1.44 5.04955282211
410.0 1.55 4.12251627445
410.0 1.66 3.66636648178
410.0 1.77 3.51253509521
410.0 1.88 3.24803714752
410.0 1.99 2.6997797966
410.0 2.1 2.64620947838
410.0 2.21 2.23491644859
410.0 2.32 2.17048687935
410.0 2.43 1.87215298414
410.0 2.54 1.77738320827
410.0 2.65 1.66213297844
410.0 2.76 1.5468827486
410.0 2.87 1.41554738283
410.0 2.98 1.29452319145
410.0 3.09 1.27833878994
410.0 3.2 1.1373462677
410.0 3.31 1.12553136349
410.0 3.42 1.00880329609
410.0 3.53 0.967227578163
410.0 3.64 0.930394530296
410.0 3.75 0.875144958496
410.0 3.86 0.827915620804
410.0 3.97 0.771832579374
410.0 4.08 0.761291086674
410.0 4.19 0.731883990765
410.0 4.3 0.669828414917
410.0 4.41 0.640858370066
410.0 4.52 0.618572056293
410.0 4.63 0.611624222994
410.0 4.74 0.578583192825
410.0 4.85 0.543766468763
410.0 4.96 0.523382496834
410.0 5.07 0.516174912453
410.0 5.18 0.502612900734
410.0 5.29 0.47133834064
415.0 1.0 7.94294548035
415.0 1.11 6.85352535248
415.0 1.22 6.03914833069
415.0 1.33 5.81727356911
415.0 1.44 4.84964056015
415.0 1.55 3.95804238319
415.0 1.66 3.51950106621
415.0 1.77 3.37161374092
415.0 1.88 3.11736187935
415.0 1.99 2.59045095444
415.0 2.1 2.53896784782
415.0 2.21 2.14377093315
415.0 2.32 2.08185853958
415.0 2.43 1.79518339634
415.0 2.54 1.70412373543
415.0 2.65 1.5933727026
415.0 2.76 1.48262166977
415.0 2.87 1.35640391111
415.0 2.98 1.2401047945
415.0 3.09 1.22455334663
415.0 3.2 1.08907783031
415.0 3.31 1.07772527933
415.0 3.42 0.965564143658
415.0 3.53 0.925611436367
415.0 3.64 0.890213239193
415.0 3.75 0.837115943432
415.0 3.86 0.79171833992
415.0 3.97 0.737818259001
415.0 4.08 0.727688968182
415.0 4.19 0.699426692724
415.0 4.3 0.639776706696
415.0 4.41 0.611933642626
415.0 4.52 0.590502202511
415.0 4.63 0.583817976713
415.0 4.74 0.55204000473
415.0 4.85 0.518569260836
415.0 4.96 0.498979520798
415.0 5.07 0.492052078247
415.0 5.18 0.479005908966
415.0 5.29 0.4489081949
420.0 1.0 7.63298416138
420.0 1.11 6.58349061012
420.0 1.22 5.79948091507
420.0 1.33 5.58599796295
420.0 1.44 4.65522623062
420.0 1.55 3.79795920849
420.0 1.66 3.37648177147
420.0 1.77 3.23436331749
420.0 1.88 2.99007468224
420.0 1.99 2.48391525745
420.0 2.1 2.43446111679
420.0 2.21 2.05494117737
420.0 2.32 1.9954843998
420.0 2.43 1.72018028498
420.0 2.54 1.63273394108
420.0 2.65 1.5263928771
420.0 2.76 1.42005181313
420.0 2.87 1.29883233309
420.0 2.98 1.18713181019
420.0 3.09 1.1721944809
420.0 3.2 1.0421192646
420.0 3.31 1.03121989965
420.0 3.42 0.923533248901
420.0 3.53 0.885163784027
420.0 3.64 0.851175141335
420.0 3.75 0.800192177296
420.0 3.86 0.756587362289
420.0 3.97 0.704822707176
420.0 4.08 0.695096373558
420.0 4.19 0.667963093519
420.0 4.3 0.610678434372
420.0 4.41 0.583937340975
420.0 4.52 0.563356697559
420.0 4.63 0.556934040785
420.0 4.74 0.526399612427
420.0 4.85 0.494242191315
420.0 4.96 0.475431138277
420.0 5.07 0.468780487776
420.0 5.18 0.456248706579
420.0 5.29 0.427321010828
425.0 1.0 7.33250808716
425.0 1.11 6.3216588974
425.0 1.22 5.56702518463
425.0 1.33 5.36166296005
425.0 1.44 4.46657505035
425.0 1.55 3.64257192612
425.0 1.66 3.23765244484
425.0 1.77 3.10113215446
425.0 1.88 2.86649222374
425.0 1.99 2.38043253422
425.0 2.1 2.3329436779
425.0 2.21 1.96863293648
425.0 2.32 1.91156585217
425.0 2.43 1.64732708931
425.0 2.54 1.56339609623
425.0 2.65 1.46134465933
425.0 2.76 1.35929322243
425.0 2.87 1.24295169115
425.0 2.98 1.13574373722
425.0 3.09 1.1214069128
425.0 3.2 0.996590614319
425.0 3.31 0.986133110523
425.0 3.42 0.882811450958
425.0 3.53 0.845994949341
425.0 3.64 0.813380217552
425.0 3.75 0.764458119869
425.0 3.86 0.722611403465
425.0 3.97 0.672928005457
425.0 4.08 0.663591325283
425.0 4.19 0.637560969591
425.0 4.3 0.582594513893
425.0 4.41 0.556933861971
425.0 4.52 0.537182986736
425.0 4.63 0.531018859148
425.0 4.74 0.501706206799
425.0 4.85 0.470830649137
425.0 4.96 0.452777695656
425.0 5.07 0.446396410465
425.0 5.18 0.434372317791
425.0 5.29 0.406594994664
430.0 1.0 7.04163646698
430.0 1.11 6.06822376251
430.0 1.22 5.34199142456
430.0 1.33 5.14448213577
430.0 1.44 4.28389043808
430.0 1.55 3.49204826355
430.0 1.66 3.10315828323
430.0 1.77 2.97205638885
430.0 1.88 2.7467748642
430.0 1.99 2.28019473553
430.0 2.1 2.23461031914
430.0 2.21 1.88503599167
430.0 2.32 1.8302875042
430.0 2.43 1.57678571939
430.0 2.54 1.49626743793
430.0 2.65 1.39837092161
430.0 2.76 1.30047440529
430.0 2.87 1.18887313604
430.0 2.98 1.08604047298
430.0 3.09 1.07228958607
430.0 3.2 0.952568173409
430.0 3.31 0.942540496588
430.0 3.42 0.843465840816
430.0 3.53 0.808163583279
430.0 3.64 0.776884591579
430.0 3.75 0.729966104031
430.0 3.86 0.689836251736
430.0 3.97 0.642186552286
430.0 4.08 0.633230924606
430.0 4.19 0.608260309696
430.0 4.3 0.555558681488
430.0 4.41 0.530949556828
430.0 4.52 0.512008547783
430.0 4.63 0.506096592546
430.0 4.74 0.477979665995
430.0 4.85 0.448357611895
430.0 4.96 0.431038922071
430.0 5.07 0.424918800592
430.0 5.18 0.413389927149
430.0 5.29 0.386742156744
435.0 1.0 6.76034212112
435.0 1.11 5.82323360443
435.0 1.22 5.12449884415
435.0 1.33 4.93457784653
435.0 1.44 4.10731391907
435.0 1.55 3.34653520584
435.0 1.66 2.97314128876
435.0 1.77 2.84728288651
435.0 1.88 2.63104257584
435.0 1.99 2.18329815865
435.0 2.1 2.13955545425
435.0 2.21 1.80423545837
435.0 2.32 1.75173413754
435.0 2.43 1.5086381197
435.0 2.54 1.43142640591
435.0 2.65 1.33755648136
435.0 2.76 1.24368655682
435.0 2.87 1.13670171499
435.0 2.98 1.03809876442
435.0 3.09 1.0249106884
435.0 3.2 0.910131931305
435.0 3.31 0.900520420074
435.0 3.42 0.805557858944
435.0 3.53 0.771722018719
435.0 3.64 0.741740548611
435.0 3.75 0.696768343449
435.0 3.86 0.658305859566
435.0 3.97 0.612632954121
435.0 4.08 0.604048132896
435.0 4.19 0.580109685659
435.0 4.3 0.529596209526
435.0 4.41 0.506009021401
435.0 4.52 0.487855643034
435.0 4.63 0.482189181447
435.0 4.74 0.455238747597
435.0 4.85 0.426838502288
435.0 4.96 0.410228192806
435.0 5.07 0.404359459877
435.0 5.18 0.393311357498
435.0 5.29 0.367767694592
440.0 1.0 6.48876476288
440.0 1.11 5.58668079376
440.0 1.22 4.91452264786
440.0 1.33 4.73194346428
440.0 1.44 3.9369017601
440.0 1.55 3.20611774921
440.0 1.66 2.84767255783
440.0 1.77 2.72687482834
440.0 1.88 2.5193778038
440.0 1.99 2.08982319832
440.0 2.1 2.04785871506
440.0 2.21 1.72629785538
440.0 2.32 1.67596933842
440.0 2.43 1.44293496609
440.0 2.54 1.36892092228
440.0 2.65 1.27894032001
440.0 2.76 1.18895971775
440.0 2.87 1.08643342257
440.0 2.98 0.991940736771
440.0 3.09 0.97930252552
440.0 3.2 0.869292259216
440.0 3.31 0.860083353519
440.0 3.42 0.769099569321
440.0 3.53 0.736685037613
440.0 3.64 0.707960700989
440.0 3.75 0.664874196053
440.0 3.86 0.628025865555
440.0 3.97 0.584269744158
440.0 4.08 0.57604521513
440.0 4.19 0.553107339144
440.0 4.3 0.504707276821
440.0 4.41 0.482113781571
440.0 4.52 0.464723438025
440.0 4.63 0.45929505825
440.0 4.74 0.433474928141
440.0 4.85 0.406265720725
440.0 4.96 0.390344446898
440.0 5.07 0.384715825319
440.0 5.18 0.374130755663
440.0 5.29 0.349661150575
445.0 1.0 6.22680902481
445.0 1.11 5.35860185623
445.0 1.22 4.71211481094
445.0 1.33 4.53660378456
445.0 1.44 3.77262535095
445.0 1.55 3.07079958916
445.0 1.66 2.72677679062
445.0 1.77 2.61085939407
445.0 1.88 2.41181001663
445.0 1.99 1.99980686903
445.0 2.1 1.95955789089
445.0 2.21 1.65125799179
445.0 2.32 1.60302295685
445.0 2.43 1.3796903491
445.0 2.54 1.30877459049
445.0 2.65 1.22255367041
445.0 2.76 1.13633275032
445.0 2.87 1.03809819221
445.0 2.98 0.947576665878
445.0 3.09 0.93547141552
445.0 3.2 0.830070436001
445.0 3.31 0.821249526739
445.0 3.42 0.73410063982
445.0 3.53 0.703057825565
445.0 3.64 0.67555116415
445.0 3.75 0.634291172028
445.0 3.86 0.598997592926
445.0 3.97 0.557091408968
445.0 4.08 0.549215495586
445.0 4.19 0.527247291803
445.0 4.3 0.48089414835
445.0 4.41 0.459252384305
445.0 4.52 0.442599862814
445.0 4.63 0.437401983142
445.0 4.74 0.412676155567
445.0 4.85 0.386618167162
445.0 4.96 0.371371591091
445.0 5.07 0.365981757641
445.0 5.18 0.355833590031
445.0 5.29 0.332401147485
450.0 1.0 5.97436380386
450.0 1.11 5.13889083862
450.0 1.22 4.51717710495
450.0 1.33 4.34849970341
450.0 1.44 3.61448998451
450.0 1.55 2.94054150581
450.0 1.66 2.61041345596
450.0 1.77 2.4991979599
450.0 1.88 2.30828437805
450.0 1.99 1.91323244572
450.0 2.1 1.87464094162
450.0 2.21 1.5791169405
450.0 2.32 1.53289785385
450.0 2.43 1.31891002655
450.0 2.54 1.25098323822
450.0 2.65 1.16838985682
450.0 2.76 1.08579647541
450.0 2.87 0.991697442532
450.0 2.98 0.904995918274
450.0 3.09 0.893402576447
450.0 3.2 0.792456865311
450.0 3.31 0.784009575844
450.0 3.42 0.700554013252
450.0 3.53 0.670834183693
450.0 3.64 0.644498968124
450.0 3.75 0.604996144772
450.0 3.86 0.571205890179
450.0 3.97 0.531086820364
450.0 4.08 0.523547291756
450.0 4.19 0.502516359091
450.0 4.3 0.458138555288
450.0 4.41 0.437420514226
450.0 4.52 0.421472609043
450.0 4.63 0.41649710238
450.0 4.74 0.392828208208
450.0 4.85 0.367881625891
450.0 4.96 0.353285080194
450.0 5.07 0.348125725985
450.0 5.18 0.338407832384
450.0 5.29 0.315970098972
455.0 1.0 5.73126411438
455.0 1.11 4.92741546631
455.0 1.22 4.32962703705
455.0 1.33 4.16753492355
455.0 1.44 3.46241502762
455.0 1.55 2.81534075737
455.0 1.66 2.49858345985
455.0 1.77 2.39188981056
455.0 1.88 2.20879368782
455.0 1.99 1.83005291224
455.0 2.1 1.79305660725
455.0 2.21 1.50982880592
455.0 2.32 1.46555116177
455.0 2.43 1.26055762768
455.0 2.54 1.19549739361
455.0 2.65 1.11640906334
455.0 2.76 1.03732073307
455.0 2.87 0.947208106518
455.0 2.98 0.864181613922
455.0 3.09 0.853079915047
455.0 3.2 0.75643569231
455.0 3.31 0.74834741354
455.0 3.42 0.668441045284
455.0 3.53 0.639993607998
455.0 3.64 0.614787471294
455.0 3.75 0.576978266239
455.0 3.86 0.544634687901
455.0 3.97 0.50623523891
455.0 4.08 0.499019354582
455.0 4.19 0.478893211484
455.0 4.3 0.436416834593
455.0 4.41 0.416590464115
455.0 4.52 0.401327461004
455.0 4.63 0.39656380415
455.0 4.74 0.373907977343
455.0 4.85 0.350033208728
455.0 4.96 0.336062192917
455.0 5.07 0.331124067307
455.0 5.18 0.321823978424
455.0 5.29 0.300339749455
460.0 1.0 5.49740982056
460.0 1.11 4.72404842377
460.0 1.22 4.14929866791
460.0 1.33 3.99355888367
460.0 1.44 3.31628894806
460.0 1.55 2.69509398937
460.0 1.66 2.39120364189
460.0 1.77 2.28886294365
460.0 1.88 2.11329283714
460.0 1.99 1.7502390027
460.0 2.1 1.71477663517
460.0 2.21 1.44338154793
460.0 2.32 1.40096786022
460.0 2.43 1.20460942984
460.0 2.54 1.14230084419
460.0 2.65 1.06658160686
460.0 2.76 0.990862369537
460.0 2.87 0.904586070776
460.0 2.98 0.825095570087
460.0 3.09 0.814466834068
460.0 3.2 0.721962511539
460.0 3.31 0.714219391346
460.0 3.42 0.637724757195
460.0 3.53 0.610498547554
460.0 3.64 0.586378502846
460.0 3.75 0.550198435783
460.0 3.86 0.519249266386
460.0 3.97 0.482502967119
460.0 4.08 0.475597172976
460.0 4.19 0.456340870261
460.0 4.3 0.41569685936
460.0 4.41 0.396728006005
460.0 4.52 0.382125765085
460.0 4.63 0.377566805482
460.0 4.74 0.355885922909
460.0 4.85 0.333040699363
460.0 4.96 0.319672131538
460.0 5.07 0.314946591854
460.0 5.18 0.306048882008
460.0 5.29 0.285484850407
465.0 1.0 5.27253818512
465.0 1.11 4.52861266136
465.0 1.22 3.97609949112
465.0 1.33 3.82646877766
465.0 1.44 3.17598900795
465.0 1.55 2.57969713211
465.0 1.66 2.28818445206
465.0 1.77 2.19002914429
465.0 1.88 2.02169189453
465.0 1.99 1.67370958328
465.0 2.1 1.63972091675
465.0 2.21 1.37970805168
465.0 2.32 1.3390848875
465.0 2.43 1.15102283955
465.0 2.54 1.09136092663
465.0 2.65 1.01887562871
465.0 2.76 0.946390330791
465.0 2.87 0.863804495335
465.0 2.98 0.78771699667
465.0 3.09 0.777543604374
465.0 3.2 0.689007937908
465.0 3.31 0.681597077847
465.0 3.42 0.60838508606
465.0 3.53 0.582328081131
465.0 3.64 0.559249973297
465.0 3.75 0.524632811546
465.0 3.86 0.495023405552
465.0 3.97 0.459864285588
465.0 4.08 0.453255921602
465.0 4.19 0.434833839536
465.0 4.3 0.395953595638
465.0 4.41 0.377805307508
465.0 4.52 0.363837301731
465.0 4.63 0.359476512671
465.0 4.74 0.338733625412
465.0 4.85 0.316875129938
465.0 4.96 0.304085612297
465.0 5.07 0.299563884735
465.0 5.18 0.291051721573
465.0 5.29 0.271379700303
470.0 1.0 5.05649328232
470.0 1.11 4.34091277122
470.0 1.22 3.80980491638
470.0 1.33 3.66606383324
470.0 1.44 3.04139041901
470.0 1.55 2.46904861927
470.0 1.66 2.18941836357
470.0 1.77 2.09528183937
470.0 1.88 1.93389191628
470.0 1.99 1.60039422512
470.0 2.1 1.56782197952
470.0 2.21 1.31874144077
470.0 2.32 1.27983682156
470.0 2.43 1.0997385025
470.0 2.54 1.04261887074
470.0 2.65 0.973230481148
470.0 2.76 0.90384209156
470.0 2.87 0.824808448553
470.0 2.98 0.751989591122
470.0 3.09 0.742252767086
470.0 3.2 0.657523393631
470.0 3.31 0.65043207407
470.0 3.42 0.580375993252
470.0 3.53 0.555439174175
470.0 3.64 0.533360803127
470.0 3.75 0.500243246555
470.0 3.86 0.471919852495
470.0 3.97 0.438286814094
470.0 4.08 0.431965053082
470.0 4.19 0.414339533448
470.0 4.3 0.37715062499
470.0 4.41 0.3597910285
470.0 4.52 0.346431642771
470.0 4.63 0.342261120677
470.0 4.74 0.322420322895
470.0 4.85 0.301508277655
470.0 4.96 0.289274162054
470.0 5.07 0.284949868917
470.0 5.18 0.276806181669
470.0 5.29 0.25799049437
475.0 1.0 4.84906101227
475.0 1.11 4.16077489853
475.0 1.22 3.65026426315
475.0 1.33 3.51218557358
475.0 1.44 2.91232414246
475.0 1.55 2.36301708221
475.0 1.66 2.09481582642
475.0 1.77 2.00454187393
475.0 1.88 1.84981861115
475.0 1.99 1.53021427393
475.0 2.1 1.49900054932
475.0 2.21 1.26039850712
475.0 2.32 1.22314288616
475.0 2.43 1.05068503022
475.0 2.54 0.996002495289
475.0 2.65 0.929586082697
475.0 2.76 0.863169670105
475.0 2.87 0.787542271614
475.0 2.98 0.717862319946
475.0 3.09 0.708545267582
475.0 3.2 0.62746578455
475.0 3.31 0.620681720972
475.0 3.42 0.553658533096
475.0 3.53 0.529792070389
475.0 3.64 0.50867177248
475.0 3.75 0.476991325617
475.0 3.86 0.449899369478
475.0 3.97 0.417729535699
475.0 4.08 0.411683022976
475.0 4.19 0.39482010901
475.0 4.3 0.359252929688
475.0 4.41 0.34265088737
475.0 4.52 0.329875230789
475.0 4.63 0.32588685751
475.0 4.74 0.306912255287
475.0 4.85 0.286910504103
475.0 4.96 0.275206148624
475.0 5.07 0.271069347858
475.0 5.18 0.263279664516
475.0 5.29 0.24528401047
480.0 1.0 4.65000486374
480.0 1.11 3.98798911572
480.0 1.22 3.49730086327
480.0 1.33 3.3646651268
480.0 1.44 2.78864569664
480.0 1.55 2.26145887375
480.0 1.66 2.00422623158
480.0 1.77 1.91765964031
480.0 1.88 1.76933934689
480.0 1.99 1.46306612492
480.0 2.1 1.43315577507
480.0 2.21 1.20461499691
480.0 2.32 1.16894049644
480.0 2.43 1.00380642414
480.0 2.54 0.951455593109
480.0 2.65 0.887889176607
480.0 2.76 0.824322760105
480.0 2.87 0.751956325769
480.0 2.98 0.685281538963
480.0 3.09 0.676366388798
480.0 3.2 0.598790705204
480.0 3.31 0.592300242186
480.0 3.42 0.528178405762
480.0 3.53 0.505347728729
480.0 3.64 0.485140681267
480.0 3.75 0.454830110073
480.0 3.86 0.428917431831
480.0 3.97 0.398150932789
480.0 4.08 0.392368912697
480.0 4.19 0.376241004467
480.0 4.3 0.342222452164
480.0 4.41 0.326345568895
480.0 4.52 0.314127624035
480.0 4.63 0.310314363241
480.0 4.74 0.292172110081
480.0 4.85 0.273045048118
480.0 4.96 0.261849117279
480.0 5.07 0.257891893387
480.0 5.18 0.250440263748
480.0 5.29 0.233228562772
485.0 1.0 4.45901489258
485.0 1.11 3.82234752178
485.0 1.22 3.35071754456
485.0 1.33 3.22331054211
485.0 1.44 2.67019381523
485.0 1.55 2.16425287724
485.0 1.66 1.9175434351
485.0 1.77 1.83453071117
485.0 1.88 1.69234750271
485.0 1.99 1.39885226488
485.0 2.1 1.37019121647
485.0 2.21 1.1512953043
485.0 2.32 1.1171364069
485.0 2.43 0.959020918608
485.0 2.54 0.908901154995
485.0 2.65 0.848065108061
485.0 2.76 0.787229061127
485.0 2.87 0.717984610796
485.0 2.98 0.654191672802
485.0 3.09 0.645662486553
485.0 3.2 0.571444869041
485.0 3.31 0.56523578167
485.0 3.42 0.503894495964
485.0 3.53 0.482056498528
485.0 3.64 0.462723207474
485.0 3.75 0.433723270893
485.0 3.86 0.408941179514
485.0 3.97 0.37951670289
485.0 4.08 0.373986810446
485.0 4.19 0.3585639745
485.0 4.3 0.326028257608
485.0 4.41 0.310845986009
485.0 4.52 0.299161344767
485.0 4.63 0.295515149832
485.0 4.74 0.278168922663
485.0 4.85 0.259881988168
485.0 4.96 0.249173921347
485.0 5.07 0.245388060808
485.0 5.18 0.238261348009
485.0 5.29 0.221798022091
490.0 1.0 4.27583312988
490.0 1.11 3.6635569334
490.0 1.22 3.21027755737
490.0 1.33 3.08790524006
490.0 1.44 2.55680642128
490.0 1.55 2.07125079632
490.0 1.66 1.83463578224
490.0 1.77 1.75503277779
490.0 1.88 1.61873555183
490.0 1.99 1.33748409748
490.0 2.1 1.31001996994
490.0 2.21 1.10036671162
490.0 2.32 1.06765865088
490.0 2.43 0.916262662411
490.0 2.54 0.868280589581
490.0 2.65 0.810053795576
490.0 2.76 0.751827001572
490.0 2.87 0.685569602251
490.0 2.98 0.624535882473
490.0 3.09 0.616376459599
490.0 3.2 0.545373141766
490.0 3.31 0.539433655143
490.0 3.42 0.480755627155
490.0 3.53 0.459865033627
490.0 3.64 0.441367900372
490.0 3.75 0.413622200489
490.0 3.86 0.389922559261
490.0 3.97 0.361782479286
490.0 4.08 0.356493771076
490.0 4.19 0.341746208072
490.0 4.3 0.310626477003
490.0 4.41 0.296111270785
490.0 4.52 0.284939199686
490.0 4.63 0.281452345848
490.0 4.74 0.264866238832
490.0 4.85 0.2473827824
490.0 4.96 0.237144169211
490.0 5.07 0.233523949981
490.0 5.18 0.226707109809
490.0 5.29 0.210960395634
495.0 1.0 4.10020303726
495.0 1.11 3.51140563488
495.0 1.22 3.07576704025
495.0 1.33 2.9582264185
495.0 1.44 2.44827313423
495.0 1.55 1.98230654001
495.0 1.66 1.75537955761
495.0 1.77 1.67904746532
495.0 1.88 1.54838559628
495.0 1.99 1.27885961533
495.0 2.1 1.25254178047
495.0 2.21 1.05173552036
495.0 2.32 1.02041668892
495.0 2.43 0.875455272198
495.0 2.54 0.82952105999
495.0 2.65 0.773789942265
495.0 2.76 0.718058824539
495.0 2.87 0.654658216238
495.0 2.98 0.596262085438
495.0 3.09 0.588455975056
495.0 3.2 0.520529389381
495.0 3.31 0.514847749472
495.0 3.42 0.458717250824
495.0 3.53 0.438734292984
495.0 3.64 0.421040761471
495.0 3.75 0.394500464201
495.0 3.86 0.371829199791
495.0 3.97 0.344914352894
495.0 4.08 0.339856922626
495.0 4.19 0.325753626227
495.0 4.3 0.295990735292
495.0 4.41 0.282109037042
495.0 4.52 0.27142727375
495.0 4.63 0.26809335053
495.0 4.74 0.252234327793
495.0 4.85 0.235517822206
495.0 4.96 0.225729498267
495.0 5.07 0.222268417478
495.0 5.18 0.215749064088
495.0 5.29 0.200688318908
500.0 1.0 3.93184065819
500.0 1.11 3.36565644741
500.0 1.22 2.94697928429
500.0 1.33 2.83407902718
500.0 1.44 2.34442334175
500.0 1.55 1.8972452879
500.0 1.66 1.67960767746
500.0 1.77 1.60641288757
500.0 1.88 1.48115758896
500.0 1.99 1.22287405729
500.0 2.1 1.19765520096
500.0 2.21 1.00531721115
500.0 2.32 0.975328338146
500.0 2.43 0.836526608467
500.0 2.54 0.792552053928
500.0 2.65 0.739205062389
500.0 2.76 0.68585807085
500.0 2.87 0.625188541412
500.0 2.98 0.569313704967
500.0 3.09 0.561845302582
500.0 3.2 0.496862977743
500.0 3.31 0.49142767787
500.0 3.42 0.43773189187
500.0 3.53 0.418619543314
500.0 3.64 0.401694959402
500.0 3.75 0.376308083534
500.0 3.86 0.35461884737
500.0 3.97 0.32887300849
500.0 4.08 0.324036002159
500.0 4.19 0.31054905057
500.0 4.3 0.282086610794
500.0 4.41 0.268806374073
500.0 4.52 0.258593916893
500.0 4.63 0.255406156182
500.0 4.74 0.24024233222
500.0 4.85 0.224259011447
500.0 4.96 0.214900997281
500.0 5.07 0.211592152715
500.0 5.18 0.205357959867
500.0 5.29 0.190954245627
505.0 1.0 3.77050042152
505.0 1.11 3.22604806423
505.0 1.22 2.82368946075
505.0 1.33 2.715249753
505.0 1.44 2.24508543015
505.0 1.55 1.81592822075
505.0 1.66 1.6071952343
505.0 1.77 1.53700637817
505.0 1.88 1.41692771912
505.0 1.99 1.16940997839
505.0 2.1 1.14524352551
505.0 2.21 0.961004018784
505.0 2.32 0.932289683819
505.0 2.43 0.79938878417
505.0 2.54 0.757287144661
505.0 2.65 0.706223040819
505.0 2.76 0.655158936977
505.0 2.87 0.59710149169
505.0 2.98 0.543634819984
505.0 3.09 0.536488592625
505.0 3.2 0.474323242903
505.0 3.31 0.469123619795
505.0 3.42 0.417756617069
505.0 3.53 0.399475038052
505.0 3.64 0.383285796642
505.0 3.75 0.359001934528
505.0 3.86 0.338250184059
505.0 3.97 0.313622400165
505.0 4.08 0.308996707201
505.0 4.19 0.296097669005
505.0 4.3 0.268878400326
505.0 4.41 0.256175301969
505.0 4.52 0.246405556798
505.0 4.63 0.243358044326
505.0 4.74 0.228860288858
505.0 4.85 0.213577657938
505.0 4.96 0.204629984498
505.0 5.07 0.201466396451
505.0 5.18 0.195505097508
505.0 5.29 0.181729182601
510.0 1.0 3.61596632004
510.0 1.11 3.09239187241
510.0 1.22 2.70568728447
510.0 1.33 2.60152909756
510.0 1.44 2.15007152557
510.0 1.55 1.73820459843
510.0 1.66 1.53800823689
510.0 1.77 1.47070014477
510.0 1.88 1.3555824995
510.0 1.99 1.11836841106
510.0 2.1 1.09520900249
510.0 2.21 0.918721795082
510.0 2.32 0.891225981712
510.0 2.43 0.763967245817
510.0 2.54 0.723657786846
510.0 2.65 0.674775272608
510.0 2.76 0.625892758369
510.0 2.87 0.570333242416
510.0 2.98 0.519167876244
510.0 3.09 0.512329339981
510.0 3.2 0.452852040529
510.0 3.31 0.447877973318
510.0 3.42 0.398739039898
510.0 3.53 0.381249725819
510.0 3.64 0.365763640404
510.0 3.75 0.342534512281
510.0 3.86 0.322682768106
510.0 3.97 0.299121204019
510.0 4.08 0.294695317745
510.0 4.19 0.282359141111
510.0 4.3 0.256328552961
510.0 4.41 0.244177746773
510.0 4.52 0.234830409288
510.0 4.63 0.23191588968
510.0 4.74 0.218052741885
510.0 4.85 0.203440763056
510.0 4.96 0.194885399938
510.0 5.07 0.191860541701
510.0 5.18 0.186159965396
510.0 5.29 0.172984425724
515.0 1.0 3.46790599823
515.0 1.11 2.96444869041
515.0 1.22 2.59280395508
515.0 1.33 2.49275233746
515.0 1.44 2.0592271328
515.0 1.55 1.6639226079
515.0 1.66 1.47190506458
515.0 1.77 1.40735828876
515.0 1.88 1.29699356556
515.0 1.99 1.06964454651
515.0 2.1 1.04744923115
515.0 2.21 0.878384709358
515.0 2.32 0.852053558826
515.0 2.43 0.730188846588
515.0 2.54 0.691595256329
515.0 2.65 0.644797742367
515.0 2.76 0.598000228405
515.0 2.87 0.544825530052
515.0 2.98 0.495860636234
515.0 3.09 0.489316701889
515.0 3.2 0.432404518127
515.0 3.31 0.427646017075
515.0 3.42 0.380636709929
515.0 3.53 0.363905519247
515.0 3.64 0.349091178179
515.0 3.75 0.326869666576
515.0 3.86 0.307879269123
515.0 3.97 0.285335892439
515.0 4.08 0.281100273132
515.0 4.19 0.269301208854
515.0 4.3 0.244404822588
515.0 4.41 0.232783177495
515.0 4.52 0.223841175437
515.0 4.63 0.221052661538
515.0 4.74 0.207792678475
515.0 4.85 0.193820819259
515.0 4.96 0.185640510917
515.0 5.07 0.182748094201
515.0 5.18 0.177297523618
515.0 5.29 0.164694963396
520.0 1.0 3.32611584663
520.0 1.11 2.84196543694
520.0 1.22 2.48478317261
520.0 1.33 2.38868091106
520.0 1.44 1.9723856926
520.0 1.55 1.59296756983
520.0 1.66 1.40877614021
520.0 1.77 1.34687066078
520.0 1.88 1.24105267525
520.0 1.99 1.02313791513
520.0 2.1 1.0018645525
520.0 2.21 0.839901447296
520.0 2.32 0.814683794975
520.0 2.43 0.697976386547
520.0 2.54 0.661023855209
520.0 2.65 0.616220414639
520.0 2.76 0.571416974068
520.0 2.87 0.520518904924
520.0 2.98 0.473655974865
520.0 3.09 0.467393606901
520.0 3.2 0.412935495377
520.0 3.31 0.408382549882
520.0 3.42 0.36340482235
520.0 3.53 0.347399950027
520.0 3.64 0.333227300644
520.0 3.75 0.311968326569
520.0 3.86 0.293800652027
520.0 3.97 0.272234213352
520.0 4.08 0.268182218075
520.0 4.19 0.256888374686
520.0 4.3 0.233076140285
520.0 4.41 0.221960574389
520.0 4.52 0.213406741619
520.0 4.63 0.210738247633
520.0 4.74 0.198053401709
520.0 4.85 0.184691846371
520.0 4.96 0.176869356632
520.0 5.07 0.174103707075
520.0 5.18 0.168891185522
520.0 5.29 0.156837305427
525.0 1.0 3.19033956528
525.0 1.11 2.72475790977
525.0 1.22 2.38145661354
525.0 1.33 2.28913855553
525.0 1.44 1.88935956955
525.0 1.55 1.52517843246
525.0 1.66 1.34849071503
525.0 1.77 1.28911614418
525.0 1.88 1.18765530586
525.0 1.99 0.978769010305
525.0 2.1 0.95837777853
525.0 2.21 0.803201258183
525.0 2.32 0.779047524929
525.0 2.43 0.667267131805
525.0 2.54 0.631881058216
525.0 2.65 0.588984519243
525.0 2.76 0.54608798027
525.0 2.87 0.497362565994
525.0 2.98 0.45250620842
525.0 3.09 0.446512699127
525.0 3.2 0.394395023584
525.0 3.31 0.390038561821
525.0 3.42 0.347001981735
525.0 3.53 0.331688284874
525.0 3.64 0.318129634857
525.0 3.75 0.297791659832
525.0 3.86 0.280409890413
525.0 3.97 0.259776547551
525.0 4.08 0.255899906158
525.0 4.19 0.245092763007
525.0 4.3 0.222311750054
525.0 4.41 0.211678855121
525.0 4.52 0.203496441245
525.0 4.63 0.200943380594
525.0 4.74 0.188807138801
525.0 4.85 0.176025822759
525.0 4.96 0.168545562029
525.0 5.07 0.165900498629
525.0 5.18 0.160916274786
525.0 5.29 0.149387420714
530.0 1.0 3.06029605865
530.0 1.11 2.61258263588
530.0 1.22 2.28262758255
530.0 1.33 2.19394216537
530.0 1.44 1.81000576019
530.0 1.55 1.46042096615
530.0 1.66 1.29091374874
530.0 1.77 1.23396170139
530.0 1.88 1.13666870594
530.0 1.99 0.936427199841
530.0 2.1 0.916880726814
530.0 2.21 0.768196880817
530.0 2.32 0.745061063766
530.0 2.43 0.637994420528
530.0 2.54 0.604106545448
530.0 2.65 0.563032716513
530.0 2.76 0.521958887577
530.0 2.87 0.47530914247
530.0 2.98 0.432367533445
530.0 3.09 0.426630318165
530.0 3.2 0.376747995615
530.0 3.31 0.372578769922
530.0 3.42 0.33139269352
530.0 3.53 0.316740512848
530.0 3.64 0.303767800331
530.0 3.75 0.284308731556
530.0 3.86 0.267677015066
530.0 3.97 0.24793459177
530.0 4.08 0.244225472212
530.0 4.19 0.233885073662
530.0 4.3 0.21208588779
530.0 4.41 0.201913815737
530.0 4.52 0.194085896015
530.0 4.63 0.191643096507
530.0 4.74 0.180030301213
530.0 4.85 0.167801566422
530.0 4.96 0.160647892952
530.0 5.07 0.158118337393
530.0 5.18 0.153351598978
530.0 5.29 0.142324575782
535.0 1.0 2.93591117859
535.0 1.11 2.50521979332
535.0 1.22 2.18807840347
535.0 1.33 2.10288203955
535.0 1.44 1.73415453434
535.0 1.55 1.39857083559
535.0 1.66 1.23594219685
535.0 1.77 1.1813095808
535.0 1.88 1.08800466061
535.0 1.99 0.896029978991
535.0 2.1 0.87729126215
535.0 2.21 0.734807908535
535.0 2.32 0.712645161152
535.0 2.43 0.610083985329
535.0 2.54 0.577626883984
535.0 2.65 0.538294196129
535.0 2.76 0.498961508274
535.0 2.87 0.454296079278
535.0 2.98 0.413184672594
535.0 3.09 0.407692402601
535.0 3.2 0.359945625067
535.0 3.31 0.355955243111
535.0 3.42 0.316536313295
535.0 3.53 0.302514344454
535.0 3.64 0.290101546049
535.0 3.75 0.271482348442
535.0 3.86 0.255567291379
535.0 3.97 0.236675803363
535.0 4.08 0.233126610518
535.0 4.19 0.22323230356
535.0 4.3 0.202368810773
535.0 4.41 0.192638009787
535.0 4.52 0.185148209333
535.0 4.63 0.182810851932
535.0 4.74 0.171697795391
535.0 4.85 0.15999494493
535.0 4.96 0.153153088689
535.0 5.07 0.150734528899
535.0 5.18 0.146174952388
535.0 5.29 0.13562771976
540.0 1.0 2.81655168533
540.0 1.11 2.40244481564
540.0 1.22 2.09771990776
540.0 1.33 2.01584626436
540.0 1.44 1.66164553165
540.0 1.55 1.33948224783
540.0 1.66 1.18344683647
540.0 1.77 1.13103652
540.0 1.88 1.04155020714
540.0 1.99 0.857487773895
540.0 2.1 0.839522123337
540.0 2.21 0.702969014645
540.0 2.32 0.681736242771
540.0 2.43 0.583480745554
540.0 2.54 0.5523904562
540.0 2.65 0.51472106576
540.0 2.76 0.47705167532
540.0 2.87 0.434281358123
540.0 2.98 0.394916909933
540.0 3.09 0.389658331871
540.0 3.2 0.34394967556
540.0 3.31 0.340129971504
540.0 3.42 0.302397215366
540.0 3.53 0.288975536823
540.0 3.64 0.277097189426
540.0 3.75 0.259279668331
540.0 3.86 0.244048306346
540.0 3.97 0.225968910754
540.0 4.08 0.222572416067
540.0 4.19 0.213104982674
540.0 4.3 0.19313699007
540.0 4.41 0.183823661506
540.0 4.52 0.176657348871
540.0 4.63 0.174420695007
540.0 4.74 0.163784983754
540.0 4.85 0.15258384496
540.0 4.96 0.146037617326
540.0 5.07 0.143724039197
540.0 5.18 0.139363756776
540.0 5.29 0.129274915159
545.0 1.0 2.70246267319
545.0 1.11 2.30419082642
545.0 1.22 2.01114082336
545.0 1.33 1.93249223232
545.0 1.44 1.59232802391
545.0 1.55 1.28304505348
545.0 1.66 1.13331267834
545.0 1.77 1.08302891254
545.0 1.88 0.997197461128
545.0 1.99 0.820704752207
545.0 2.1 0.803478658199
545.0 2.21 0.672599613667
545.0 2.32 0.652255785465
545.0 2.43 0.558116269112
545.0 2.54 0.528333127499
545.0 2.65 0.492252796888
545.0 2.76 0.456172466278
545.0 2.87 0.415214419365
545.0 2.98 0.377519273758
545.0 3.09 0.372483849525
545.0 3.2 0.328721642494
545.0 3.31 0.32506480813
545.0 3.42 0.288941198587
545.0 3.53 0.276092797518
545.0 3.64 0.264723944664
545.0 3.75 0.247670665383
545.0 3.86 0.233092626929
545.0 3.97 0.215788386762
545.0 4.08 0.212537437677
545.0 4.19 0.203476721048
545.0 4.3 0.184366077185
545.0 4.41 0.175450159609
545.0 4.52 0.168592274189
545.0 4.63 0.166451746225
545.0 4.74 0.156272315979
545.0 4.85 0.145550273359
545.0 4.96 0.139284577966
545.0 5.07 0.137070611119
545.0 5.18 0.132899788022
545.0 5.29 0.123248787224
550.0 1.0 2.59322738647
550.0 1.11 2.21017113924
550.0 1.22 1.92845475674
550.0 1.33 1.85288612843
550.0 1.44 1.52610518932
550.0 1.55 1.22910910845
550.0 1.66 1.08541972637
550.0 1.77 1.03717005253
550.0 1.88 0.954859662056
550.0 1.99 0.785622346401
550.0 2.1 0.769104599953
550.0 2.21 0.64363181591
550.0 2.32 0.624137341976
550.0 2.43 0.533930200338
550.0 2.54 0.505395293236
550.0 2.65 0.470833018422
550.0 2.76 0.436270743608
550.0 2.87 0.397044545412
550.0 2.98 0.360944133997
550.0 3.09 0.356121838093
550.0 3.2 0.314217507839
550.0 3.31 0.310716331005
550.0 3.42 0.276130533218
550.0 3.53 0.263829708099
550.0 3.64 0.252946597338
550.0 3.75 0.236621931195
550.0 3.86 0.222668597102
550.0 3.97 0.206104744971
550.0 4.08 0.202992618084
550.0 4.19 0.194319306314
550.0 4.3 0.176028430462
550.0 4.41 0.16749484688
550.0 4.52 0.160927712917
550.0 4.63 0.1588792786
550.0 4.74 0.149136391282
550.0 4.85 0.138871826231
550.0 4.96 0.132872804999
550.0 5.07 0.130753293633
550.0 5.18 0.126762869954
550.0 5.29 0.11753007099
555.0 1.0 2.48867821693
555.0 1.11 2.12021939754
555.0 1.22 1.84936928749
555.0 1.33 1.77675337791
555.0 1.44 1.46282429695
555.0 1.55 1.17763334513
555.0 1.66 1.03973128796
555.0 1.77 0.993431925774
555.0 1.88 0.914442372322
555.0 1.99 0.752113902569
555.0 2.1 0.736271560192
555.0 2.21 0.615992128849
555.0 2.32 0.597308909893
555.0 2.43 0.510858544707
555.0 2.54 0.483517736197
555.0 2.65 0.450409844518
555.0 2.76 0.417301952839
555.0 2.87 0.379744309187
555.0 2.98 0.345175123215
555.0 3.09 0.34055685997
555.0 3.2 0.300422698259
555.0 3.31 0.297068992257
555.0 3.42 0.263940268755
555.0 3.53 0.252158790827
555.0 3.64 0.24173784852
555.0 3.75 0.226106435061
555.0 3.86 0.21275061667
555.0 3.97 0.196893808246
555.0 4.08 0.193913981318
555.0 4.19 0.185610613227
555.0 4.3 0.168101623654
555.0 4.41 0.159932979941
555.0 4.52 0.153645560145
555.0 4.63 0.151684185863
555.0 4.74 0.142356482148
555.0 4.85 0.132529549301
555.0 4.96 0.126784960926
555.0 5.07 0.124755360186
555.0 5.18 0.120936359465
555.0 5.29 0.112100521475
560.0 1.0 2.38860559464
560.0 1.11 2.03416649103
560.0 1.22 1.77374899387
560.0 1.33 1.70396310091
560.0 1.44 1.40234527588
560.0 1.55 1.12845772505
560.0 1.66 0.996094965935
560.0 1.77 0.951660752296
560.0 1.88 0.875873875618
560.0 1.99 0.720170009136
560.0 2.1 0.704974770546
560.0 2.21 0.589651107788
560.0 2.32 0.571743404865
560.0 2.43 0.488883712888
560.0 2.54 0.46268299222
560.0 2.65 0.430954888463
560.0 2.76 0.399226784706
560.0 2.87 0.363232052326
560.0 2.98 0.330110192299
560.0 3.09 0.325686305761
560.0 3.2 0.287249952555
560.0 3.31 0.284039190412
560.0 3.42 0.252322456241
560.0 3.53 0.24104295671
560.0 3.64 0.231064811349
560.0 3.75 0.216097593307
560.0 3.86 0.203311797976
560.0 3.97 0.188130822778
560.0 4.08 0.18527777493
560.0 4.19 0.177326071262
560.0 4.3 0.160562768579
560.0 4.41 0.152742551267
560.0 4.52 0.146723687649
560.0 4.63 0.144844965637
560.0 4.74 0.135912618041
560.0 4.85 0.126504048705
560.0 4.96 0.121002528071
560.0 5.07 0.119058564305
560.0 5.18 0.115401890874
560.0 5.29 0.106944063306
565.0 1.0 2.29280233383
565.0 1.11 1.95183941126
565.0 1.22 1.7014323473
565.0 1.33 1.63436070681
565.0 1.44 1.34454932213
565.0 1.55 1.08149343729
565.0 1.66 0.954430913925
565.0 1.77 0.911782264709
565.0 1.88 0.839055585861
565.0 1.99 0.689684766531
565.0 2.1 0.675108194351
565.0 2.21 0.564521551132
565.0 2.32 0.54735481143
565.0 2.43 0.467925783992
565.0 2.54 0.442814290524
565.0 2.65 0.412409096956
565.0 2.76 0.382003903389
565.0 2.87 0.347515797615
565.0 2.98 0.315782475471
565.0 3.09 0.311544299126
565.0 3.2 0.27472576499
565.0 3.31 0.271650440991
565.0 3.42 0.241271677613
565.0 3.53 0.230468288064
565.0 3.64 0.220911642909
565.0 3.75 0.206576675177
565.0 3.86 0.194334286451
565.0 3.97 0.179798455536
565.0 4.08 0.177066639066
565.0 4.19 0.169451338053
565.0 4.3 0.153398752213
565.0 4.41 0.145910672843
565.0 4.52 0.140148147941
565.0 4.63 0.138349485397
565.0 4.74 0.129795965552
565.0 4.85 0.120784834027
565.0 4.96 0.115515223145
565.0 5.07 0.113652929664
565.0 5.18 0.110151198506
565.0 5.29 0.10205347538
570.0 1.0 2.20110011101
570.0 1.11 1.87305955887
570.0 1.22 1.63226521015
570.0 1.33 1.56779803038
570.0 1.44 1.28931050301
570.0 1.55 1.03663522005
570.0 1.66 0.914646923542
570.0 1.77 0.873707473278
570.0 1.88 0.803912198544
570.0 1.99 0.660598951578
570.0 2.1 0.646614015102
570.0 2.21 0.540553867817
570.0 2.32 0.524094676971
570.0 2.43 0.447941967845
570.0 2.54 0.423871427774
570.0 2.65 0.394729450345
570.0 2.76 0.365587472916
570.0 2.87 0.33253788054
570.0 2.98 0.302129977942
570.0 3.09 0.298069030046
570.0 3.2 0.262795299292
570.0 3.31 0.259849309921
570.0 3.42 0.230748069286
570.0 3.53 0.220398724079
570.0 3.64 0.211244463921
570.0 3.75 0.197513073683
570.0 3.86 0.185788172483
570.0 3.97 0.171868398786
570.0 4.08 0.169252753258
570.0 4.19 0.161959263682
570.0 4.3 0.146583512425
570.0 4.41 0.139413228631
570.0 4.52 0.133895576
570.0 4.63 0.132173065841
570.0 4.74 0.123980870843
570.0 4.85 0.115349784493
570.0 4.96 0.110302393138
570.0 5.07 0.108518518507
570.0 5.18 0.105163778365
570.0 5.29 0.0974095873535
575.0 1.0 2.11332082748
575.0 1.11 1.79769445658
575.0 1.22 1.56611692905
575.0 1.33 1.50414495468
575.0 1.44 1.23650667667
575.0 1.55 0.993779689074
575.0 1.66 0.87665361166
575.0 1.77 0.837350547314
575.0 1.88 0.770361411572
575.0 1.99 0.632842731476
575.0 2.1 0.619423687458
575.0 2.21 0.517690956593
575.0 2.32 0.501908123493
575.0 2.43 0.428886708617
575.0 2.54 0.405809849501
575.0 2.65 0.377875700593
575.0 2.76 0.349941551685
575.0 2.87 0.318265071511
575.0 2.98 0.289123135805
575.0 3.09 0.285231560469
575.0 3.2 0.251431554556
575.0 3.31 0.248609079421
575.0 3.42 0.220727950335
575.0 3.53 0.210812538862
575.0 3.64 0.202042394876
575.0 3.75 0.188887178898
575.0 3.86 0.177655419707
575.0 3.97 0.164323206246
575.0 4.08 0.161818474531
575.0 4.19 0.154831923544
575.0 4.3 0.140102446079
575.0 4.41 0.133234900236
575.0 4.52 0.127950251102
575.0 4.63 0.126300824434
575.0 4.74 0.118454231322
575.0 4.85 0.110185742378
575.0 4.96 0.105350865424
575.0 5.07 0.103642009199
575.0 5.18 0.10042707175
575.0 5.29 0.0930007152259
580.0 1.0 2.02930474281
580.0 1.11 1.72558845282
580.0 1.22 1.50285255909
580.0 1.33 1.44327450991
580.0 1.44 1.18603773117
580.0 1.55 0.952837616205
580.0 1.66 0.840364301205
580.0 1.77 0.802627503872
580.0 1.88 0.738322246075
580.0 1.99 0.606348645687
580.0 2.1 0.593471169472
580.0 2.21 0.495878905058
580.0 2.32 0.480742508173
580.0 2.43 0.410713881254
580.0 2.54 0.38858678937
580.0 2.65 0.361806765199
580.0 2.76 0.335026741028
580.0 2.87 0.304661622643
580.0 2.98 0.276728338003
580.0 3.09 0.272998422384
580.0 3.2 0.240605533123
580.0 3.31 0.237900955975
580.0 3.42 0.211184564233
580.0 3.53 0.20168377459
580.0 3.64 0.193280306458
580.0 3.75 0.18067510426
580.0 3.86 0.169913947582
580.0 3.97 0.157140770555
580.0 4.08 0.154741168022
580.0 4.19 0.148049888015
580.0 4.3 0.133937880397
580.0 4.41 0.127358192205
580.0 4.52 0.122296407819
580.0 4.63 0.120716584474
580.0 4.74 0.113200654089
580.0 4.85 0.105279076844
580.0 4.96 0.100646473467
580.0 5.07 0.0990094467998
580.0 5.18 0.0959280416369
580.0 5.29 0.0888138972223
585.0 1.0 1.9488658905
585.0 1.11 1.65659906864
585.0 1.22 1.44235086441
585.0 1.33 1.38506681919
585.0 1.44 1.13779585361
585.0 1.55 0.913722395897
585.0 1.66 0.805705225468
585.0 1.77 0.769467890263
585.0 1.88 0.707732212543
585.0 1.99 0.581062096357
585.0 2.1 0.56870251894
585.0 2.21 0.475067704916
585.0 2.32 0.460548949242
585.0 2.43 0.393379601836
585.0 2.54 0.372159510851
585.0 2.65 0.346481651068
585.0 2.76 0.320803791285
585.0 2.87 0.291691809893
585.0 2.98 0.264912897348
585.0 3.09 0.261337310076
585.0 3.2 0.230288520455
585.0 3.31 0.227696582675
585.0 3.42 0.202092850208
585.0 3.53 0.192987680435
585.0 3.64 0.184934490919
585.0 3.75 0.172854706645
585.0 3.86 0.162542802095
585.0 3.97 0.150303329527
585.0 4.08 0.148004099727
585.0 4.19 0.141594693065
585.0 4.3 0.128072783351
585.0 4.41 0.121767711639
585.0 4.52 0.116918250918
585.0 4.63 0.115404756367
585.0 4.74 0.108204475045
585.0 4.85 0.100614733994
585.0 4.96 0.0961751490831
585.0 5.07 0.0946064591408
585.0 5.18 0.0916535913944
585.0 5.29 0.0848361544311
590.0 1.0 1.87185060978
590.0 1.11 1.59057408571
590.0 1.22 1.38447153568
590.0 1.33 1.32938972712
590.0 1.44 1.09167969227
590.0 1.55 0.876352280378
590.0 1.66 0.772600615025
590.0 1.77 0.737798631191
590.0 1.88 0.678520810604
590.0 1.99 0.556924813986
590.0 2.1 0.545060753822
590.0 2.21 0.45520991087
590.0 2.32 0.441281718016
590.0 2.43 0.376846081018
590.0 2.54 0.356492727995
590.0 2.65 0.331867873669
590.0 2.76 0.307243019342
590.0 2.87 0.279328140616
590.0 2.98 0.253651571274
590.0 3.09 0.250223308802
590.0 3.2 0.22045750916
590.0 3.31 0.217973054945
590.0 3.42 0.193431264162
590.0 3.53 0.184704452753
590.0 3.64 0.176985627413
590.0 3.75 0.165407389402
590.0 3.86 0.155524262786
590.0 3.97 0.143794247508
590.0 4.08 0.141590848565
590.0 4.19 0.13544896543
590.0 4.3 0.122491434216
590.0 4.41 0.116448991746
590.0 4.52 0.11180126667
590.0 4.63 0.110351087898
590.0 4.74 0.103452377021
590.0 4.85 0.0961803533137
590.0 4.96 0.0919247999787
590.0 5.07 0.090420819819
590.0 5.18 0.087590970099
590.0 5.29 0.0810564219952
595.0 1.0 1.79808950424
595.0 1.11 1.52738690376
595.0 1.22 1.32910299301
595.0 1.33 1.27613108158
595.0 1.44 1.04758303165
595.0 1.55 0.84063822031
595.0 1.66 0.740973865986
595.0 1.77 0.70754724741
595.0 1.88 0.65062366724
595.0 1.99 0.533883947134
595.0 2.1 0.522494077682
595.0 2.21 0.436261147261
595.0 2.32 0.422897326946
595.0 2.43 0.361074134707
595.0 2.54 0.341549009085
595.0 2.65 0.317929714918
595.0 2.76 0.294310420752
595.0 2.87 0.267540052533
595.0 2.98 0.242916607857
595.0 3.09 0.239629000425
595.0 3.2 0.211087971926
595.0 3.31 0.208706112206
595.0 3.42 0.185178026557
595.0 3.53 0.176812633872
595.0 3.64 0.169413134456
595.0 3.75 0.158313885331
595.0 3.86 0.148840081692
595.0 3.97 0.137596456707
595.0 4.08 0.135484561324
595.0 4.19 0.12959754169
595.0 4.3 0.117179639637
595.0 4.41 0.111387528479
595.0 4.52 0.10693231225
595.0 4.63 0.10554253459
595.0 4.74 0.0989315927029
595.0 4.85 0.0919630415738
595.0 4.96 0.0878841727972
595.0 5.07 0.0864425003529
595.0 5.18 0.083729082346
595.0 5.29 0.0774648196995
