mA tanb xsec_gg_H180.0 1.0 17.76628685
180.0 2.0 13.148645401
180.0 3.0 9.89288520813
180.0 4.0 7.80731678009
180.0 5.0 6.68192434311
180.0 6.0 6.19653081894
180.0 7.0 6.1383600235
180.0 8.0 6.38207149506
180.0 9.0 6.85385417938
180.0 10.0 7.71782970428
180.0 11.0 8.32074546814
180.0 12.0 9.27041339874
180.0 13.0 10.3466749191
180.0 14.0 11.5414438248
180.0 15.0 12.8490781784
180.0 16.0 14.2656564713
180.0 17.0 15.7882547379
180.0 18.0 17.4146728516
180.0 19.0 19.1432495117
180.0 20.0 20.972743988
180.0 21.0 22.9022979736
180.0 22.0 24.9310379028
180.0 23.0 27.0581912994
180.0 24.0 29.2841567993
180.0 25.0 31.6078281403
180.0 26.0 34.0288772583
180.0 27.0 36.5470123291
180.0 28.0 39.1617889404
180.0 29.0 41.873249054
180.0 30.0 44.6813087463
180.0 31.0 47.585773468
180.0 32.0 50.5865325928
180.0 33.0 53.6834640503
180.0 34.0 56.8765640259
180.0 35.0 60.1657104492
180.0 36.0 63.5508346558
180.0 37.0 67.0318222046
180.0 38.0 70.6085891724
180.0 39.0 74.2812576294
180.0 40.0 78.0497131348
185.0 1.0 17.7134037018
185.0 2.0 12.3316192627
185.0 3.0 8.92632293701
185.0 4.0 6.91456747055
185.0 5.0 5.86627817154
185.0 6.0 5.41817378998
185.0 7.0 5.35798549652
185.0 8.0 5.56656074524
185.0 9.0 5.97599220276
185.0 10.0 6.54610919952
185.0 11.0 7.25235795975
185.0 12.0 8.07871246338
185.0 13.0 9.01485443115
185.0 14.0 10.0538215637
185.0 15.0 11.190776825
185.0 16.0 12.4222688675
185.0 17.0 13.7458000183
185.0 18.0 15.1594743729
185.0 19.0 16.6618118286
185.0 20.0 18.2517414093
185.0 21.0 19.9284420013
185.0 22.0 21.6915798187
185.0 23.0 23.5402297974
185.0 24.0 25.4740524292
185.0 25.0 27.4926013947
185.0 26.0 29.595916748
185.0 27.0 31.7835903168
185.0 28.0 34.0553207397
185.0 29.0 36.4111099243
185.0 30.0 38.8507461548
185.0 31.0 41.3741149902
185.0 32.0 43.9811134338
185.0 33.0 46.6714897156
185.0 34.0 49.4452476501
185.0 35.0 52.3024406433
185.0 36.0 55.243019104
185.0 37.0 58.2669410706
185.0 38.0 61.3740768433
185.0 39.0 64.5644989014
185.0 40.0 67.8382263184
190.0 1.0 17.6887264252
190.0 2.0 11.5474014282
190.0 3.0 8.08187580109
190.0 4.0 6.16083812714
190.0 5.0 5.18775510788
190.0 6.0 4.77440071106
190.0 7.0 4.71263694763
190.0 8.0 4.89068126678
190.0 9.0 5.24628591537
190.0 10.0 5.90095233917
190.0 11.0 6.35828495026
190.0 12.0 7.07870483398
190.0 13.0 7.89499044418
190.0 14.0 8.80090522766
190.0 15.0 9.79220485687
190.0 16.0 10.865901947
190.0 17.0 12.0198049545
190.0 18.0 13.2522449493
190.0 19.0 14.5622091293
190.0 20.0 15.948548317
190.0 21.0 17.41040802
190.0 22.0 18.9472732544
190.0 23.0 20.5587100983
190.0 24.0 22.244348526
190.0 25.0 24.0036869049
190.0 26.0 25.8365859985
190.0 27.0 27.7429103851
190.0 28.0 29.7227134705
190.0 29.0 31.7757492065
190.0 30.0 33.9018440247
190.0 31.0 36.1008987427
190.0 32.0 38.3728256226
190.0 33.0 40.7175674438
190.0 34.0 43.1350402832
190.0 35.0 45.6252098083
190.0 36.0 48.1880455017
190.0 37.0 50.823513031
190.0 38.0 53.5315895081
190.0 39.0 56.3122177124
190.0 40.0 59.1653556824
195.0 1.0 17.6108760834
195.0 2.0 10.8082532883
195.0 3.0 7.34356307983
195.0 4.0 5.52019309998
195.0 5.0 4.61665630341
195.0 6.0 4.23355293274
195.0 7.0 4.16953611374
195.0 8.0 4.32043743134
195.0 9.0 4.6288356781
195.0 10.0 5.06170415878
195.0 11.0 5.59898805618
195.0 12.0 6.22828769684
195.0 13.0 6.94164228439
195.0 14.0 7.73351335526
195.0 15.0 8.60013198853
195.0 16.0 9.53894233704
195.0 17.0 10.5482530594
195.0 18.0 11.6261138916
195.0 19.0 12.7715568542
195.0 20.0 13.9836826324
195.0 21.0 15.2618408203
195.0 22.0 16.605638504
195.0 23.0 18.0144405365
195.0 24.0 19.487695694
195.0 25.0 21.0255527496
195.0 26.0 22.6277980804
195.0 27.0 24.2941970825
195.0 28.0 26.0246505737
195.0 29.0 27.8189697266
195.0 30.0 29.6775951385
195.0 31.0 31.6000156403
195.0 32.0 33.5861282349
195.0 33.0 35.6358795166
195.0 34.0 37.7492294312
195.0 35.0 39.9261360168
195.0 36.0 42.1665649414
195.0 37.0 44.4704856873
195.0 38.0 46.8378334045
195.0 39.0 49.2685623169
195.0 40.0 51.7627067566
200.0 1.0 17.4679927826
200.0 2.0 10.1196432114
200.0 3.0 6.69705629349
200.0 4.0 4.9724521637
200.0 5.0 4.13193750381
200.0 6.0 3.77477121353
200.0 7.0 3.70825767517
200.0 8.0 3.83485913277
200.0 9.0 4.10204458237
200.0 10.0 4.59996604919
200.0 11.0 4.94910097122
200.0 12.0 5.49997091293
200.0 13.0 6.12483501434
200.0 14.0 6.81890296936
200.0 15.0 7.57904052734
200.0 16.0 8.402384758
200.0 17.0 9.28715991974
200.0 18.0 10.2321996689
200.0 19.0 11.2364559174
200.0 20.0 12.2992525101
200.0 21.0 13.4196634293
200.0 22.0 14.5973005295
200.0 23.0 15.8320817947
200.0 24.0 17.1237449646
200.0 25.0 18.4720745087
200.0 26.0 19.876865387
200.0 27.0 21.3379497528
200.0 28.0 22.8552074432
200.0 29.0 24.4285430908
200.0 30.0 26.0577907562
200.0 31.0 27.7430229187
200.0 32.0 29.4841117859
200.0 33.0 31.2810077667
200.0 34.0 33.1336364746
200.0 35.0 35.0419845581
200.0 36.0 37.0060462952
200.0 37.0 39.0257720947
200.0 38.0 41.1011276245
200.0 39.0 43.2322654724
200.0 40.0 45.4190483093
205.0 1.0 17.2669239044
205.0 2.0 9.48317813873
205.0 3.0 6.12985706329
205.0 4.0 4.50085449219
205.0 5.0 3.71729874611
205.0 6.0 3.38283491135
205.0 7.0 3.31363415718
205.0 8.0 3.41876149178
205.0 9.0 3.64968538284
205.0 10.0 3.97887396812
205.0 11.0 4.39001131058
205.0 12.0 4.87322568893
205.0 13.0 5.42224740982
205.0 14.0 6.03229665756
205.0 15.0 6.70016288757
205.0 16.0 7.4237575531
205.0 17.0 8.20148277283
205.0 18.0 9.03218269348
205.0 19.0 9.91481876373
205.0 20.0 10.8487234116
205.0 21.0 11.8335428238
205.0 22.0 12.8689374924
205.0 23.0 13.9545869827
205.0 24.0 15.0902500153
205.0 25.0 16.2757167816
205.0 26.0 17.5108337402
205.0 27.0 18.7954673767
205.0 28.0 20.1295070648
205.0 29.0 21.5128707886
205.0 30.0 22.9454135895
205.0 31.0 24.427192688
205.0 32.0 25.9580898285
205.0 33.0 27.5380592346
205.0 34.0 29.1670627594
205.0 35.0 30.8450641632
205.0 36.0 32.5720329285
205.0 37.0 34.3479347229
205.0 38.0 36.1727714539
205.0 39.0 38.0465126038
205.0 40.0 39.9691123962
210.0 1.0 17.0196285248
210.0 2.0 8.89785575867
210.0 3.0 5.63074016571
210.0 4.0 4.09266042709
210.0 5.0 3.36002492905
210.0 6.0 3.04554343224
210.0 7.0 2.97377872467
210.0 8.0 3.06003761292
210.0 9.0 3.25935292244
210.0 10.0 3.63903975487
210.0 11.0 3.90730667114
210.0 12.0 4.33238077164
210.0 13.0 4.8154873848
210.0 14.0 5.35248184204
210.0 15.0 5.94065761566
210.0 16.0 6.57800912857
210.0 17.0 7.26308393478
210.0 18.0 7.9948849678
210.0 19.0 8.77266979218
210.0 20.0 9.59573936462
210.0 21.0 10.4637718201
210.0 22.0 11.37641716
210.0 23.0 12.3333902359
210.0 24.0 13.3344841003
210.0 25.0 14.3795080185
210.0 26.0 15.4683179855
210.0 27.0 16.6007938385
210.0 28.0 17.7767810822
210.0 29.0 18.9962558746
210.0 30.0 20.2591514587
210.0 31.0 21.5653457642
210.0 32.0 22.9149074554
210.0 33.0 24.3077354431
210.0 34.0 25.7437992096
210.0 35.0 27.2230644226
210.0 36.0 28.7455043793
210.0 37.0 30.3110961914
210.0 38.0 31.9198169708
210.0 39.0 33.571647644
210.0 40.0 35.2665519714
215.0 1.0 16.7384376526
215.0 2.0 8.36113166809
215.0 3.0 5.19007015228
215.0 4.0 3.7374162674
215.0 5.0 3.05042934418
215.0 6.0 2.75360035896
215.0 7.0 2.67954802513
215.0 8.0 2.7491850853
215.0 9.0 2.92107152939
215.0 10.0 3.17211985588
215.0 11.0 3.48916959763
215.0 12.0 3.86339116096
215.0 13.0 4.28915071487
215.0 14.0 4.76278591156
215.0 15.0 5.28180742264
215.0 16.0 5.84443378448
215.0 17.0 6.44941329956
215.0 18.0 7.09582614899
215.0 19.0 7.78287744522
215.0 20.0 8.51006603241
215.0 21.0 9.27702331543
215.0 22.0 10.0833864212
215.0 23.0 10.9289321899
215.0 24.0 11.813501358
215.0 25.0 12.7369213104
215.0 26.0 13.6990556717
215.0 27.0 14.6997995377
215.0 28.0 15.7390632629
215.0 29.0 16.8167705536
215.0 30.0 17.9328613281
215.0 31.0 19.0872268677
215.0 32.0 20.2799263
215.0 33.0 21.5108757019
215.0 34.0 22.7800369263
215.0 35.0 24.0873832703
215.0 36.0 25.4328250885
215.0 37.0 26.8164043427
215.0 38.0 28.2381038666
215.0 39.0 29.6979103088
215.0 40.0 31.1958065033
220.0 1.0 16.4345111847
220.0 2.0 7.87018156052
220.0 3.0 4.79998540878
220.0 4.0 3.42641758919
220.0 5.0 2.78094911575
220.0 6.0 2.4995970726
220.0 7.0 2.42345881462
220.0 8.0 2.47866177559
220.0 9.0 2.6266810894
220.0 10.0 2.91758346558
220.0 11.0 3.12517023087
220.0 12.0 3.4550549984
220.0 13.0 3.83097100258
220.0 14.0 4.24960231781
220.0 15.0 4.70862340927
220.0 16.0 5.20644521713
220.0 17.0 5.74191904068
220.0 18.0 6.31420183182
220.0 19.0 6.92243528366
220.0 20.0 7.56630134583
220.0 21.0 8.24546527863
220.0 22.0 8.95962715149
220.0 23.0 9.708568573
220.0 24.0 10.4921016693
220.0 25.0 11.3100280762
220.0 26.0 12.1622486115
220.0 27.0 13.0486850739
220.0 28.0 13.9692573547
220.0 29.0 14.9238986969
220.0 30.0 15.9125528336
220.0 31.0 16.93516922
220.0 32.0 17.9916496277
220.0 33.0 19.0820617676
220.0 34.0 20.2063293457
220.0 35.0 21.3644313812
220.0 36.0 22.5563430786
220.0 37.0 23.7820472717
220.0 38.0 25.0415248871
220.0 39.0 26.3347644806
220.0 40.0 27.6617507935
225.0 1.0 16.1173820496
225.0 2.0 7.42158126831
225.0 3.0 4.45365047455
225.0 4.0 3.15309071541
225.0 5.0 2.54522395134
225.0 6.0 2.27739691734
225.0 7.0 2.19971394539
225.0 8.0 2.24228572845
225.0 9.0 2.36957669258
225.0 10.0 2.56180047989
225.0 11.0 2.80717849731
225.0 12.0 3.09845232964
225.0 13.0 3.4309887886
225.0 14.0 3.80171203613
225.0 15.0 4.20852994919
225.0 16.0 4.64999341965
225.0 17.0 5.12495660782
225.0 18.0 5.6325879097
225.0 19.0 6.17231416702
225.0 20.0 6.74372625351
225.0 21.0 7.34649658203
225.0 22.0 7.98038244247
225.0 23.0 8.64517307281
225.0 24.0 9.34069156647
225.0 25.0 10.0668106079
225.0 26.0 10.8234224319
225.0 27.0 11.6104373932
225.0 28.0 12.4277648926
225.0 29.0 13.2753677368
225.0 30.0 14.1531791687
225.0 31.0 15.0611581802
225.0 32.0 15.9992675781
225.0 33.0 16.9674301147
225.0 34.0 17.9657077789
225.0 35.0 18.9940319061
225.0 36.0 20.0523834229
225.0 37.0 21.140745163
225.0 38.0 22.259103775
225.0 39.0 23.4074440002
225.0 40.0 24.5857563019
230.0 1.0 15.794965744
230.0 2.0 7.01176309586
230.0 3.0 4.14546298981
230.0 4.0 2.91204595566
230.0 5.0 2.33804678917
230.0 6.0 2.08238005638
230.0 7.0 2.00344109535
230.0 8.0 2.035115242
230.0 9.0 2.14416122437
230.0 10.0 2.36727356911
230.0 11.0 2.52848029137
230.0 12.0 2.7860429287
230.0 13.0 3.08075451851
230.0 14.0 3.40975189209
230.0 15.0 3.77107024193
230.0 16.0 4.16323852539
230.0 17.0 4.585313797
230.0 18.0 5.0365562439
230.0 19.0 5.51647949219
230.0 20.0 6.02467679977
230.0 21.0 6.5608420372
230.0 22.0 7.12474155426
230.0 23.0 7.71617603302
230.0 24.0 8.33499336243
230.0 25.0 8.98106479645
230.0 26.0 9.65429019928
230.0 27.0 10.3545827866
230.0 28.0 11.0818729401
230.0 29.0 11.836101532
230.0 30.0 12.617225647
230.0 31.0 13.425204277
230.0 32.0 14.2600049973
230.0 33.0 15.12159729
230.0 34.0 16.0099391937
230.0 35.0 16.9249973297
230.0 36.0 17.8668270111
230.0 37.0 18.8353691101
230.0 38.0 19.8306064606
230.0 39.0 20.8525314331
230.0 40.0 21.9011306763
235.0 1.0 15.4737987518
235.0 2.0 6.63747930527
235.0 3.0 3.87025213242
235.0 4.0 2.69859647751
235.0 5.0 2.15529203415
235.0 6.0 1.91059398651
235.0 7.0 1.83053505421
235.0 8.0 1.85279035568
235.0 9.0 1.94593250751
235.0 10.0 2.09296774864
235.0 11.0 2.28361296654
235.0 12.0 2.51168084145
235.0 13.0 2.77324461937
235.0 14.0 3.0656311512
235.0 15.0 3.38695931435
235.0 16.0 3.73602437973
235.0 17.0 4.11185026169
235.0 18.0 4.51380348206
235.0 19.0 4.94142580032
235.0 20.0 5.394323349
235.0 21.0 5.87220668793
235.0 22.0 6.37485694885
235.0 23.0 6.90209436417
235.0 24.0 7.45376968384
235.0 25.0 8.02978420258
235.0 26.0 8.63003063202
235.0 27.0 9.25442886353
235.0 28.0 9.90292072296
235.0 29.0 10.5754528046
235.0 30.0 11.2719812393
235.0 31.0 11.9924669266
235.0 32.0 12.7368793488
235.0 33.0 13.5051937103
235.0 34.0 14.2973804474
235.0 35.0 15.1134204865
235.0 36.0 15.9533014297
235.0 37.0 16.8170070648
235.0 38.0 17.7044773102
235.0 39.0 18.6157970428
235.0 40.0 19.5509052277
240.0 1.0 15.1592197418
240.0 2.0 6.29568767548
240.0 3.0 3.62367868423
240.0 4.0 2.50903463364
240.0 5.0 1.99342429638
240.0 6.0 1.75868141651
240.0 7.0 1.67777192593
240.0 8.0 1.69179785252
240.0 9.0 1.77115869522
240.0 10.0 1.94224822521
240.0 11.0 2.06789827347
240.0 12.0 2.27006959915
240.0 13.0 2.50251913071
240.0 14.0 2.76274561882
240.0 15.0 3.04908537865
240.0 16.0 3.36040091515
240.0 17.0 3.69573020935
240.0 18.0 4.05450820923
240.0 19.0 4.43630313873
240.0 20.0 4.84073162079
240.0 21.0 5.26752710342
240.0 22.0 5.71650075912
240.0 23.0 6.18748426437
240.0 24.0 6.68033313751
240.0 25.0 7.19494342804
240.0 26.0 7.73122262955
240.0 27.0 8.28909873962
240.0 28.0 8.86851978302
240.0 29.0 9.46943473816
240.0 30.0 10.0918016434
240.0 31.0 10.735584259
240.0 32.0 11.4007549286
240.0 33.0 12.0872907639
240.0 34.0 12.7951631546
240.0 35.0 13.5243644714
240.0 36.0 14.2748765945
240.0 37.0 15.0466842651
240.0 38.0 15.8397760391
240.0 39.0 16.6541404724
240.0 40.0 17.4897708893
245.0 1.0 14.8556985855
245.0 2.0 5.98351192474
245.0 3.0 3.40237402916
245.0 4.0 2.34046721458
245.0 5.0 1.84961545467
245.0 6.0 1.62392127514
245.0 7.0 1.5423566103
245.0 8.0 1.54917633533
245.0 9.0 1.61642992496
245.0 10.0 1.72869384289
245.0 11.0 1.87718439102
245.0 12.0 2.05664873123
245.0 13.0 2.26357078552
245.0 14.0 2.49559831619
245.0 15.0 2.75122022629
245.0 16.0 3.02935576439
245.0 17.0 3.3291144371
245.0 18.0 3.64995527267
245.0 19.0 3.99146866798
245.0 20.0 4.3533039093
245.0 21.0 4.73522281647
245.0 22.0 5.13703155518
245.0 23.0 5.55856275558
245.0 24.0 5.99970197678
245.0 25.0 6.46034193039
245.0 26.0 6.94040489197
245.0 27.0 7.4398226738
245.0 28.0 7.95854568481
245.0 29.0 8.4965171814
245.0 30.0 9.05371570587
245.0 31.0 9.63010311127
245.0 32.0 10.2256536484
245.0 33.0 10.8403367996
245.0 34.0 11.4741420746
245.0 35.0 12.1270494461
245.0 36.0 12.799041748
245.0 37.0 13.4901008606
245.0 38.0 14.2002229691
245.0 39.0 14.929397583
245.0 40.0 15.6776151657
250.0 1.0 14.5669326782
250.0 2.0 5.69839143753
250.0 3.0 3.20362186432
250.0 4.0 2.18925619125
250.0 5.0 1.72126829624
250.0 6.0 1.5040872097
250.0 7.0 1.42203807831
250.0 8.0 1.42247915268
250.0 9.0 1.47903466225
250.0 10.0 1.61011242867
250.0 11.0 1.70832705498
250.0 12.0 1.86777818203
250.0 13.0 2.05218815804
250.0 14.0 2.25939369202
250.0 15.0 2.4879693985
250.0 16.0 2.7368915081
250.0 17.0 3.00531291962
250.0 18.0 3.29274272919
250.0 19.0 3.5987803936
250.0 20.0 3.92309999466
250.0 21.0 4.2654800415
250.0 22.0 4.62573099136
250.0 23.0 5.0037112236
250.0 24.0 5.39930295944
250.0 25.0 5.81241226196
250.0 26.0 6.24296712875
250.0 27.0 6.69089794159
250.0 28.0 7.15616464615
250.0 29.0 7.63871431351
250.0 30.0 8.13851451874
250.0 31.0 8.65553379059
250.0 32.0 9.18975734711
250.0 33.0 9.74115753174
250.0 34.0 10.309715271
250.0 35.0 10.8954133987
250.0 36.0 11.4982395172
250.0 37.0 12.118185997
250.0 38.0 12.7552394867
250.0 39.0 13.4093894958
250.0 40.0 14.0806283951
255.0 1.0 14.2964706421
255.0 2.0 5.43819379807
255.0 3.0 3.02428841591
255.0 4.0 2.05356860161
255.0 5.0 1.6065890789
255.0 6.0 1.39715695381
255.0 7.0 1.31486463547
255.0 8.0 1.3097730875
255.0 9.0 1.35678911209
255.0 10.0 1.44230735302
255.0 11.0 1.55837082863
255.0 12.0 1.7002222538
255.0 13.0 1.86482143402
255.0 14.0 2.05014681816
255.0 15.0 2.25484871864
255.0 16.0 2.47796678543
255.0 17.0 2.71871757507
255.0 18.0 2.97664618492
255.0 19.0 3.25134706497
255.0 20.0 3.54253673553
255.0 21.0 3.85000109673
255.0 22.0 4.1735663414
255.0 23.0 4.5130944252
255.0 24.0 4.86847543716
255.0 25.0 5.23962306976
255.0 26.0 5.62646961212
255.0 27.0 6.02895545959
255.0 28.0 6.44703531265
255.0 29.0 6.88066530228
255.0 30.0 7.32981109619
255.0 31.0 7.79443788528
255.0 32.0 8.27451515198
255.0 33.0 8.77003860474
255.0 34.0 9.28098201752
255.0 35.0 9.80732059479
255.0 36.0 10.3490610123
255.0 37.0 10.9062395096
255.0 38.0 11.4788999557
255.0 39.0 12.0669250488
255.0 40.0 12.6703195572
260.0 1.0 14.0473270416
260.0 2.0 5.20091962814
260.0 3.0 2.86280345917
260.0 4.0 1.93178296089
260.0 5.0 1.50400340557
260.0 6.0 1.30146968365
260.0 7.0 1.21915352345
260.0 8.0 1.20920526981
260.0 9.0 1.24786376953
260.0 10.0 1.3478679657
260.0 11.0 1.4248701334
260.0 12.0 1.55118429661
260.0 13.0 1.69827008247
260.0 14.0 1.86426842213
260.0 15.0 2.04788327217
260.0 16.0 2.24818634987
260.0 17.0 2.4644806385
260.0 18.0 2.69631624222
260.0 19.0 2.94329118729
260.0 20.0 3.20516967773
260.0 21.0 3.48174023628
260.0 22.0 3.77284693718
260.0 23.0 4.07835626602
260.0 24.0 4.3981590271
260.0 25.0 4.73217391968
260.0 26.0 5.08032941818
260.0 27.0 5.44258117676
260.0 28.0 5.81888151169
260.0 29.0 6.20919752121
260.0 30.0 6.61349487305
260.0 31.0 7.03174257278
260.0 32.0 7.46407938004
260.0 33.0 7.9103345871
260.0 34.0 8.37049484253
260.0 35.0 8.84457874298
260.0 36.0 9.33255195618
260.0 37.0 9.83439064026
260.0 38.0 10.3500795364
260.0 39.0 10.879617691
260.0 40.0 11.4229736328
265.0 1.0 13.8227958679
265.0 2.0 4.98453187943
265.0 3.0 2.71653819084
265.0 4.0 1.82228147984
265.0 5.0 1.4116922617
265.0 6.0 1.21567988396
265.0 7.0 1.13339793682
265.0 8.0 1.11927330494
265.0 9.0 1.15058612823
265.0 10.0 1.21510457993
265.0 11.0 1.30578112602
265.0 12.0 1.41830182076
265.0 13.0 1.54991483688
265.0 14.0 1.69877016544
265.0 15.0 1.8636547327
265.0 16.0 2.04370450974
265.0 17.0 2.23830008507
265.0 18.0 2.4469640255
265.0 19.0 2.66937971115
265.0 20.0 2.90529203415
265.0 21.0 3.15449261665
265.0 22.0 3.41683316231
265.0 23.0 3.69219899178
265.0 24.0 3.98048758507
265.0 25.0 4.28162240982
265.0 26.0 4.59551239014
265.0 27.0 4.92212677002
265.0 28.0 5.26149511337
265.0 29.0 5.61358880997
265.0 30.0 5.97836208344
265.0 31.0 6.35573482513
265.0 32.0 6.74568653107
265.0 33.0 7.14820146561
265.0 34.0 7.56327438354
265.0 35.0 7.99093055725
265.0 36.0 8.43111896515
265.0 37.0 8.88381671906
265.0 38.0 9.34901809692
265.0 39.0 9.82672023773
265.0 40.0 10.3169116974
270.0 1.0 13.6266231537
270.0 2.0 4.78738737106
270.0 3.0 2.5846517086
270.0 4.0 1.7238817215
270.0 5.0 1.32843077183
270.0 6.0 1.13855159283
270.0 7.0 1.05643069744
270.0 8.0 1.03863155842
270.0 9.0 1.06345200539
270.0 10.0 1.13911175728
270.0 11.0 1.19937229156
270.0 12.0 1.29960846901
270.0 13.0 1.4173951149
270.0 14.0 1.55104160309
270.0 15.0 1.69934618473
270.0 16.0 1.86145079136
270.0 17.0 2.03679943085
270.0 18.0 2.22493910789
270.0 19.0 2.42555546761
270.0 20.0 2.63839817047
270.0 21.0 2.86328864098
270.0 22.0 3.10008573532
270.0 23.0 3.34867620468
270.0 24.0 3.60896849632
270.0 25.0 3.88088440895
270.0 26.0 4.16449117661
270.0 27.0 4.45966386795
270.0 28.0 4.76632499695
270.0 29.0 5.08444547653
270.0 30.0 5.41397762299
270.0 31.0 5.75490903854
270.0 32.0 6.10724020004
270.0 33.0 6.4709277153
270.0 34.0 6.84595680237
270.0 35.0 7.23229932785
270.0 36.0 7.62995576859
270.0 37.0 8.0389213562
270.0 38.0 8.45918750763
270.0 39.0 8.89074420929
270.0 40.0 9.33358669281
275.0 1.0 13.4639186859
275.0 2.0 4.6081943512
275.0 3.0 2.46535873413
275.0 4.0 1.63508629799
275.0 5.0 1.25346064568
275.0 6.0 1.06922459602
275.0 7.0 0.987256169319
275.0 8.0 0.966190814972
275.0 9.0 0.985316812992
275.0 10.0 1.03340673447
275.0 11.0 1.10410356522
275.0 12.0 1.19346165657
275.0 13.0 1.29899907112
275.0 14.0 1.41907167435
275.0 15.0 1.55258572102
275.0 16.0 1.69873332977
275.0 17.0 1.8569278717
275.0 18.0 2.02678632736
275.0 19.0 2.20799899101
275.0 20.0 2.40033888817
275.0 21.0 2.60362768173
275.0 22.0 2.81772732735
275.0 23.0 3.04251742363
275.0 24.0 3.27798557281
275.0 25.0 3.524071455
275.0 26.0 3.78063702583
275.0 27.0 4.04764270782
275.0 28.0 4.32505464554
275.0 29.0 4.61283779144
275.0 30.0 4.91096925735
275.0 31.0 5.21945714951
275.0 32.0 5.5382399559
275.0 33.0 5.8672990799
275.0 34.0 6.20661973953
275.0 35.0 6.55618143082
275.0 36.0 6.91598939896
275.0 37.0 7.28605365753
275.0 38.0 7.66635322571
275.0 39.0 8.05687332153
275.0 40.0 8.45760440826
280.0 1.0 13.3412847519
280.0 2.0 4.44578552246
280.0 3.0 2.35749554634
280.0 4.0 1.55464756489
280.0 5.0 1.18597447872
280.0 6.0 1.00677859783
280.0 7.0 0.924973785877
280.0 8.0 0.901080965996
280.0 9.0 0.915118813515
280.0 10.0 0.971574127674
280.0 11.0 1.0186650753
280.0 12.0 1.09833812714
280.0 13.0 1.19295799732
280.0 14.0 1.30095481873
280.0 15.0 1.42129850388
280.0 16.0 1.55320358276
280.0 17.0 1.69613969326
280.0 18.0 1.84972131252
280.0 19.0 2.01367092133
280.0 20.0 2.18774366379
280.0 21.0 2.37176966667
280.0 22.0 2.5656208992
280.0 23.0 2.76919746399
280.0 24.0 2.98251843452
280.0 25.0 3.20542478561
280.0 26.0 3.43785691261
280.0 27.0 3.67976546288
280.0 28.0 3.93113398552
280.0 29.0 4.19191026688
280.0 30.0 4.46206855774
280.0 31.0 4.74160671234
280.0 32.0 5.03047132492
280.0 33.0 5.32864618301
280.0 34.0 5.63613033295
280.0 35.0 5.95291423798
280.0 36.0 6.27898454666
280.0 37.0 6.61433124542
280.0 38.0 6.95894956589
280.0 39.0 7.31283140182
280.0 40.0 7.67597150803
285.0 1.0 13.2690382004
285.0 2.0 4.29928016663
285.0 3.0 2.2601108551
285.0 4.0 1.48202645779
285.0 5.0 1.12508571148
285.0 6.0 0.950372517109
285.0 7.0 0.868917584419
285.0 8.0 0.842463195324
285.0 9.0 0.851979672909
285.0 10.0 0.887111246586
285.0 11.0 0.941973805428
285.0 12.0 1.01298344135
285.0 13.0 1.09785282612
285.0 14.0 1.19507813454
285.0 15.0 1.30368101597
285.0 16.0 1.42289698124
285.0 17.0 1.55221378803
285.0 18.0 1.69125795364
285.0 19.0 1.83975672722
285.0 20.0 1.99749422073
285.0 21.0 2.16431689262
285.0 22.0 2.34010505676
285.0 23.0 2.52477812767
285.0 24.0 2.7183098793
285.0 25.0 2.92053127289
285.0 26.0 3.1314060688
285.0 27.0 3.35089826584
285.0 28.0 3.57896518707
285.0 29.0 3.81557106972
285.0 30.0 4.06067371368
285.0 31.0 4.31426858902
285.0 32.0 4.5763630867
285.0 33.0 4.84690904617
285.0 34.0 5.1259059906
285.0 35.0 5.41334247589
285.0 36.0 5.70921802521
285.0 37.0 6.01352119446
285.0 38.0 6.32624483109
285.0 39.0 6.64738607407
285.0 40.0 6.97693634033
290.0 1.0 13.2663955688
290.0 2.0 4.16798830032
290.0 3.0 2.17239689827
290.0 4.0 1.41681015491
290.0 5.0 1.07013988495
290.0 6.0 0.899506151676
290.0 7.0 0.818420648575
290.0 8.0 0.7896733284
290.0 9.0 0.795136272907
290.0 10.0 0.836398601532
290.0 11.0 0.873011827469
290.0 12.0 0.936290621758
290.0 13.0 1.01244628429
290.0 14.0 1.10005784035
290.0 15.0 1.19813632965
290.0 16.0 1.30598068237
290.0 17.0 1.4230979681
290.0 18.0 1.54913055897
290.0 19.0 1.68385124207
290.0 20.0 1.82703197002
290.0 21.0 1.97848653793
290.0 22.0 2.13811397552
290.0 23.0 2.30581378937
290.0 24.0 2.4815762043
290.0 25.0 2.66526222229
290.0 26.0 2.85682678223
290.0 27.0 3.05617904663
290.0 28.0 3.26332449913
290.0 29.0 3.47822785378
290.0 30.0 3.70088481903
290.0 31.0 3.93127727509
290.0 32.0 4.16938638687
290.0 33.0 4.41521072388
290.0 34.0 4.66875171661
290.0 35.0 4.92997455597
290.0 36.0 5.19886636734
290.0 37.0 5.47541999817
290.0 38.0 5.75963020325
290.0 39.0 6.05149078369
290.0 40.0 6.35099506378
295.0 1.0 13.3820619583
295.0 2.0 4.05142211914
295.0 3.0 2.0937256813
295.0 4.0 1.35808467865
295.0 5.0 1.02067279816
295.0 6.0 0.853616952896
295.0 7.0 0.772842407227
295.0 8.0 0.742068469524
295.0 9.0 0.743922233582
295.0 10.0 0.768745183945
295.0 11.0 0.810968458652
295.0 12.0 0.867308616638
295.0 13.0 0.935647368431
295.0 14.0 1.01461279392
295.0 15.0 1.10325717926
295.0 16.0 1.20093166828
295.0 17.0 1.30717003345
295.0 18.0 1.4215978384
295.0 19.0 1.54393804073
295.0 20.0 1.67400240898
295.0 21.0 1.81165373325
295.0 22.0 1.9567553997
295.0 23.0 2.10919475555
295.0 24.0 2.26896977425
295.0 25.0 2.43597984314
295.0 26.0 2.61017227173
295.0 27.0 2.79149723053
295.0 28.0 2.97992897034
295.0 29.0 3.17545080185
295.0 30.0 3.37803721428
295.0 31.0 3.58766698837
295.0 32.0 3.8043255806
295.0 33.0 4.02799701691
295.0 34.0 4.25866794586
295.0 35.0 4.49632644653
295.0 36.0 4.74097061157
295.0 37.0 4.99261760712
295.0 38.0 5.25123357773
295.0 39.0 5.51681137085
295.0 40.0 5.78934860229
300.0 1.0 13.813337326
300.0 2.0 3.94936513901
300.0 3.0 2.02360367775
300.0 4.0 1.30547606945
300.0 5.0 0.976293504238
300.0 6.0 0.81223744154
300.0 7.0 0.731721401215
300.0 8.0 0.699193239212
300.0 9.0 0.697759151459
300.0 10.0 0.72685033083
300.0 11.0 0.755054652691
300.0 12.0 0.805164277554
300.0 13.0 0.866505205631
300.0 14.0 0.937740325928
300.0 15.0 1.01795554161
300.0 16.0 1.10650670528
300.0 17.0 1.20292317867
300.0 18.0 1.30686211586
300.0 19.0 1.41807997227
300.0 20.0 1.53638446331
300.0 21.0 1.66159176826
300.0 22.0 1.79361712933
300.0 23.0 1.93237841129
300.0 24.0 2.0778298378
300.0 25.0 2.22991418839
300.0 26.0 2.3885447979
300.0 27.0 2.55368518829
300.0 28.0 2.72531867027
300.0 29.0 2.90342140198
300.0 30.0 3.08796405792
300.0 31.0 3.27892947197
300.0 32.0 3.476303339
300.0 33.0 3.68007159233
300.0 34.0 3.89022159576
300.0 35.0 4.10674381256
300.0 36.0 4.32962989807
300.0 37.0 4.55888080597
300.0 38.0 4.79448366165
300.0 39.0 5.03644704819
300.0 40.0 5.28474807739
305.0 1.0 13.9920272827
305.0 2.0 3.86205768585
305.0 3.0 1.96159255505
305.0 4.0 1.25856482983
305.0 5.0 0.936650872231
305.0 6.0 0.775040507317
305.0 7.0 0.694654941559
305.0 8.0 0.660513579845
305.0 9.0 0.656185805798
305.0 10.0 0.672633826733
305.0 11.0 0.7046854496
305.0 12.0 0.749199032784
305.0 13.0 0.804238021374
305.0 14.0 0.868510067463
305.0 15.0 0.941111385822
305.0 16.0 1.02142047882
305.0 17.0 1.10899019241
305.0 18.0 1.20350205898
305.0 19.0 1.30468451977
305.0 20.0 1.41236770153
305.0 21.0 1.52641630173
305.0 22.0 1.64672267437
305.0 23.0 1.77320218086
305.0 24.0 1.90578663349
305.0 25.0 2.04442405701
305.0 26.0 2.18905925751
305.0 27.0 2.33965396881
305.0 28.0 2.49617886543
305.0 29.0 2.65861034393
305.0 30.0 2.82692313194
305.0 31.0 3.00110316277
305.0 32.0 3.18114876747
305.0 33.0 3.36704468727
305.0 34.0 3.55877041817
305.0 35.0 3.756305933
305.0 36.0 3.95965957642
305.0 37.0 4.1688170433
305.0 38.0 4.3837890625
305.0 39.0 4.60455465317
305.0 40.0 4.83118915558
310.0 1.0 14.0670433044
310.0 2.0 3.79030966759
310.0 3.0 1.90753734112
310.0 4.0 1.21700453758
310.0 5.0 0.901174724102
310.0 6.0 0.741843998432
310.0 7.0 0.661393046379
310.0 8.0 0.625741839409
310.0 9.0 0.618737399578
310.0 10.0 0.637872755527
310.0 11.0 0.659264206886
310.0 12.0 0.698730051517
310.0 13.0 0.748069107533
310.0 14.0 0.80604404211
310.0 15.0 0.871779978275
310.0 16.0 0.944658994675
310.0 17.0 1.02425181866
310.0 18.0 1.11024391651
310.0 19.0 1.20239901543
310.0 20.0 1.30054104328
310.0 21.0 1.40454137325
310.0 22.0 1.51429057121
310.0 23.0 1.62969279289
310.0 24.0 1.75068235397
310.0 25.0 1.87721097469
310.0 26.0 2.00924372673
310.0 27.0 2.14673066139
310.0 28.0 2.2896604538
310.0 29.0 2.43802428246
310.0 30.0 2.59175562859
310.0 31.0 2.75083732605
310.0 32.0 2.91527032852
310.0 33.0 3.08505249023
310.0 34.0 3.26017808914
310.0 35.0 3.44069433212
310.0 36.0 3.62659358978
310.0 37.0 3.81780123711
310.0 38.0 4.01433134079
310.0 39.0 4.21616649628
310.0 40.0 4.42329788208
315.0 1.0 14.0544967651
315.0 2.0 3.73582673073
315.0 3.0 1.8615322113
315.0 4.0 1.18078243732
315.0 5.0 0.869900345802
315.0 6.0 0.712398350239
315.0 7.0 0.631674289703
315.0 8.0 0.594583928585
315.0 9.0 0.585081934929
315.0 10.0 0.59462928772
315.0 11.0 0.618326365948
315.0 12.0 0.653216719627
315.0 13.0 0.697395205498
315.0 14.0 0.74966353178
315.0 15.0 0.809182405472
315.0 16.0 0.875342607498
315.0 17.0 0.947736740112
315.0 18.0 1.02605390549
315.0 19.0 1.11006736755
315.0 20.0 1.1996076107
315.0 21.0 1.29453766346
315.0 22.0 1.39474284649
315.0 23.0 1.50014686584
315.0 24.0 1.61068642139
315.0 25.0 1.72631025314
315.0 26.0 1.84701085091
315.0 27.0 1.97269058228
315.0 28.0 2.10334706306
315.0 29.0 2.2389523983
315.0 30.0 2.37949991226
315.0 31.0 2.52498269081
315.0 32.0 2.67548751831
315.0 33.0 2.83090519905
315.0 34.0 2.99122738838
315.0 35.0 3.15642857552
315.0 36.0 3.32649374008
315.0 37.0 3.50141716003
315.0 38.0 3.6811978817
315.0 39.0 3.86583399773
315.0 40.0 4.05532073975
320.0 1.0 13.9678955078
320.0 2.0 3.70206236839
320.0 3.0 1.82396352291
320.0 4.0 1.14997959137
320.0 5.0 0.842781484127
320.0 6.0 0.686587333679
320.0 7.0 0.605378568172
320.0 8.0 0.566801011562
320.0 9.0 0.554947912693
320.0 10.0 0.565757870674
320.0 11.0 0.581497728825
320.0 12.0 0.612202584743
320.0 13.0 0.651701509953
320.0 14.0 0.698791861534
320.0 15.0 0.752663075924
320.0 16.0 0.812749683857
320.0 17.0 0.878636956215
320.0 18.0 0.950017929077
320.0 19.0 1.02667152882
320.0 20.0 1.10842621326
320.0 21.0 1.19514501095
320.0 22.0 1.28672838211
320.0 23.0 1.38310074806
320.0 24.0 1.48422110081
320.0 25.0 1.58999621868
320.0 26.0 1.70040261745
320.0 27.0 1.81541061401
320.0 28.0 1.93500649929
320.0 29.0 2.05919241905
320.0 30.0 2.18798136711
320.0 31.0 2.32129049301
320.0 32.0 2.45910739899
320.0 33.0 2.60141730309
320.0 34.0 2.74820971489
320.0 35.0 2.89947724342
320.0 36.0 3.05520987511
320.0 37.0 3.21540188789
320.0 38.0 3.38004827499
320.0 39.0 3.54914665222
320.0 40.0 3.72270321846
325.0 1.0 13.8194408417
325.0 2.0 3.69687485695
325.0 3.0 1.79581224918
325.0 4.0 1.12498104572
325.0 5.0 0.819865584373
325.0 6.0 0.664328038692
325.0 7.0 0.58239543438
325.0 8.0 0.5422539711
325.0 9.0 0.528149187565
325.0 10.0 0.531792998314
325.0 11.0 0.548478841782
325.0 12.0 0.575342595577
325.0 13.0 0.610567927361
325.0 14.0 0.65295034647
325.0 15.0 0.701694846153
325.0 16.0 0.756271719933
325.0 17.0 0.816257059574
325.0 18.0 0.881350815296
325.0 19.0 0.951333165169
325.0 20.0 1.02603030205
325.0 21.0 1.10531687737
325.0 22.0 1.18910169601
325.0 23.0 1.27732515335
325.0 24.0 1.36988949776
325.0 25.0 1.46675300598
325.0 26.0 1.56791841984
325.0 27.0 1.67334198952
325.0 28.0 1.7829760313
325.0 29.0 1.89681136608
325.0 30.0 2.01483392715
325.0 31.0 2.13701939583
325.0 32.0 2.26334738731
325.0 33.0 2.39380788803
325.0 34.0 2.52838659286
325.0 35.0 2.6670794487
325.0 36.0 2.80987453461
325.0 37.0 2.9567668438
325.0 38.0 3.10774993896
325.0 39.0 3.26281714439
325.0 40.0 3.42196393013
330.0 1.0 13.6197433472
330.0 2.0 3.74553203583
330.0 3.0 1.77945411205
330.0 4.0 1.10649478436
330.0 5.0 0.801525652409
330.0 6.0 0.645752966404
330.0 7.0 0.562774300575
330.0 8.0 0.52094078064
330.0 9.0 0.504601359367
330.0 10.0 0.508149564266
330.0 11.0 0.519077658653
330.0 12.0 0.542388260365
330.0 13.0 0.573675513268
330.0 14.0 0.611761987209
330.0 15.0 0.655845880508
330.0 16.0 0.705400526524
330.0 17.0 0.760013759136
330.0 18.0 0.819394290447
330.0 19.0 0.883313715458
330.0 20.0 0.951609373093
330.0 21.0 1.02416944504
330.0 22.0 1.10090243816
330.0 23.0 1.18171024323
330.0 24.0 1.26657855511
330.0 25.0 1.35542237759
330.0 26.0 1.44820642471
330.0 27.0 1.5448987484
330.0 28.0 1.64547181129
330.0 29.0 1.74990046024
330.0 30.0 1.85817861557
330.0 31.0 1.97029089928
330.0 32.0 2.08620977402
330.0 33.0 2.20593118668
330.0 34.0 2.32944846153
330.0 35.0 2.45674204826
330.0 36.0 2.58780574799
330.0 37.0 2.722635746
330.0 38.0 2.86122465134
330.0 39.0 3.00356817245
330.0 40.0 3.14966082573
335.0 1.0 13.3780078888
335.0 2.0 3.86615037918
335.0 3.0 1.78087627888
335.0 4.0 1.09637010098
335.0 5.0 0.788724005222
335.0 6.0 0.6314625144
335.0 7.0 0.546876132488
335.0 8.0 0.503074347973
335.0 9.0 0.484427601099
335.0 10.0 0.482715725899
335.0 11.0 0.493258595467
335.0 12.0 0.51323980093
335.0 13.0 0.540871620178
335.0 14.0 0.574988186359
335.0 15.0 0.614811360836
335.0 16.0 0.659775435925
335.0 17.0 0.709484755993
335.0 18.0 0.763649940491
335.0 19.0 0.822051465511
335.0 20.0 0.88454002142
335.0 21.0 0.950984299183
335.0 22.0 1.02131128311
335.0 23.0 1.09543716908
335.0 24.0 1.17328286171
335.0 25.0 1.25480699539
335.0 26.0 1.3399759531
335.0 27.0 1.42874801159
335.0 28.0 1.52109527588
335.0 29.0 1.61699724197
335.0 30.0 1.71643567085
335.0 31.0 1.81940591335
335.0 32.0 1.92589068413
335.0 33.0 2.03587317467
335.0 34.0 2.14934015274
335.0 35.0 2.26629185677
335.0 36.0 2.38672590256
335.0 37.0 2.51062369347
335.0 38.0 2.63797950745
335.0 39.0 2.76878809929
335.0 40.0 2.9030482769
340.0 1.0 13.1024446487
340.0 2.0 3.89586448669
340.0 3.0 1.83382976055
340.0 4.0 1.10047662258
340.0 5.0 0.784182667732
340.0 6.0 0.623032391071
340.0 7.0 0.535738289356
340.0 8.0 0.489410817623
340.0 9.0 0.468201130629
340.0 10.0 0.46477881074
340.0 11.0 0.47133398056
340.0 12.0 0.488115131855
340.0 13.0 0.512294530869
340.0 14.0 0.542699575424
340.0 15.0 0.578558444977
340.0 16.0 0.619294166565
340.0 17.0 0.66449791193
340.0 18.0 0.713884890079
340.0 19.0 0.767247438431
340.0 20.0 0.8244150877
340.0 21.0 0.885303974152
340.0 22.0 0.949802935123
340.0 23.0 1.01781117916
340.0 24.0 1.08926272392
340.0 25.0 1.16411590576
340.0 26.0 1.24233198166
340.0 27.0 1.32388424873
340.0 28.0 1.40873968601
340.0 29.0 1.49688196182
340.0 30.0 1.58830022812
340.0 31.0 1.68296647072
340.0 32.0 1.78087973595
340.0 33.0 1.88202035427
340.0 34.0 1.98637604713
340.0 35.0 2.0939385891
340.0 36.0 2.20469856262
340.0 37.0 2.31865215302
340.0 38.0 2.43579483032
340.0 39.0 2.55611824989
340.0 40.0 2.67961740494
345.0 1.0 12.7997989655
345.0 2.0 3.88861131668
345.0 3.0 1.85245203972
345.0 4.0 1.12745881081
345.0 5.0 0.799048602581
345.0 6.0 0.629749000072
345.0 7.0 0.536900997162
345.0 8.0 0.486168980598
345.0 9.0 0.461269438267
345.0 10.0 0.453341275454
345.0 11.0 0.457509070635
345.0 12.0 0.470834732056
345.0 13.0 0.491447865963
345.0 14.0 0.518142879009
345.0 15.0 0.550107479095
345.0 16.0 0.586775779724
345.0 17.0 0.627714395523
345.0 18.0 0.672610223293
345.0 19.0 0.721259474754
345.0 20.0 0.773515045643
345.0 21.0 0.829246938229
345.0 22.0 0.88833296299
345.0 23.0 0.950685083866
345.0 24.0 1.01623928547
345.0 25.0 1.08496952057
345.0 26.0 1.15683984756
345.0 27.0 1.23179662228
345.0 28.0 1.30981838703
345.0 29.0 1.39087593555
345.0 30.0 1.47495400906
345.0 31.0 1.56203627586
345.0 32.0 1.65211200714
345.0 33.0 1.74517822266
345.0 34.0 1.84121513367
345.0 35.0 1.94021201134
345.0 36.0 2.04216217995
345.0 37.0 2.14705848694
345.0 38.0 2.25489640236
345.0 39.0 2.36566829681
345.0 40.0 2.47937250137
350.0 1.0 12.476187706
350.0 2.0 3.85258150101
350.0 3.0 1.85003662109
350.0 4.0 1.12697887421
350.0 5.0 0.796093404293
350.0 6.0 0.623866856098
350.0 7.0 0.528266012669
350.0 8.0 0.474836617708
350.0 9.0 0.447203248739
350.0 10.0 0.43592312932
350.0 11.0 0.437962710857
350.0 12.0 0.448351114988
350.0 13.0 0.465877234936
350.0 14.0 0.489306688309
350.0 15.0 0.517812669277
350.0 16.0 0.550832748413
350.0 17.0 0.587932288647
350.0 18.0 0.628785848618
350.0 19.0 0.673193216324
350.0 20.0 0.720989704132
350.0 21.0 0.772037506104
350.0 22.0 0.826202332973
350.0 23.0 0.883425593376
350.0 24.0 0.943656861782
350.0 25.0 1.00683033466
350.0 26.0 1.07290768623
350.0 27.0 1.14186108112
350.0 28.0 1.21365582943
350.0 29.0 1.28826367855
350.0 30.0 1.36567044258
350.0 31.0 1.44585645199
350.0 32.0 1.52881157398
350.0 33.0 1.61452114582
350.0 34.0 1.70298337936
350.0 35.0 1.79418480396
350.0 36.0 1.8881162405
350.0 37.0 1.98477041721
350.0 38.0 2.08414053917
350.0 39.0 2.18622088432
350.0 40.0 2.2910091877
355.0 1.0 12.1369161606
355.0 2.0 3.7942276001
355.0 3.0 1.83182895184
355.0 4.0 1.11550951004
355.0 5.0 0.785024702549
355.0 6.0 0.611739933491
355.0 7.0 0.514692008495
355.0 8.0 0.459480196238
355.0 9.0 0.429821282625
355.0 10.0 0.417058259249
355.0 11.0 0.416130065918
355.0 12.0 0.42403498292
355.0 13.0 0.438895493746
355.0 14.0 0.459468156099
355.0 15.0 0.484926342964
355.0 16.0 0.514705479145
355.0 17.0 0.548366427422
355.0 18.0 0.585585832596
355.0 19.0 0.626165628433
355.0 20.0 0.669936239719
355.0 21.0 0.716730058193
355.0 22.0 0.766463577747
355.0 23.0 0.819062113762
355.0 24.0 0.874451816082
355.0 25.0 0.932581543922
355.0 26.0 0.99340814352
355.0 27.0 1.0568985939
355.0 28.0 1.12303411961
355.0 29.0 1.19178164005
355.0 30.0 1.26311767101
355.0 31.0 1.33702719212
355.0 32.0 1.4134978056
355.0 33.0 1.49251461029
355.0 34.0 1.5740711689
355.0 35.0 1.65817272663
355.0 36.0 1.74480199814
355.0 37.0 1.83394730091
355.0 38.0 1.92560577393
355.0 39.0 2.01977086067
355.0 40.0 2.11643767357
360.0 1.0 11.7861995697
360.0 2.0 3.71888375282
360.0 3.0 1.8017578125
360.0 4.0 1.09599614143
360.0 5.0 0.768334209919
360.0 6.0 0.595519900322
360.0 7.0 0.498033136129
360.0 8.0 0.441810578108
360.0 9.0 0.410755872726
360.0 10.0 0.39455139637
360.0 11.0 0.393519043922
360.0 12.0 0.399331927299
360.0 13.0 0.411894977093
360.0 14.0 0.429976582527
360.0 15.0 0.452746361494
360.0 16.0 0.479643166065
360.0 17.0 0.510222375393
360.0 18.0 0.544188737869
360.0 19.0 0.581330060959
360.0 20.0 0.621437966824
360.0 21.0 0.664391219616
360.0 22.0 0.710119128227
360.0 23.0 0.758511900902
360.0 24.0 0.80950731039
360.0 25.0 0.863053202629
360.0 26.0 0.919109761715
360.0 27.0 0.977640986443
360.0 28.0 1.03862023354
360.0 29.0 1.10202622414
360.0 30.0 1.16783714294
360.0 31.0 1.23603188992
360.0 32.0 1.30659914017
360.0 33.0 1.37952971458
360.0 34.0 1.45480871201
360.0 35.0 1.53243875504
360.0 36.0 1.61240565777
360.0 37.0 1.69469976425
360.0 38.0 1.77932286263
360.0 39.0 1.86626696587
360.0 40.0 1.9555273056
365.0 1.0 11.4279499054
365.0 2.0 3.63066768646
365.0 3.0 1.76286041737
365.0 4.0 1.07063889503
365.0 5.0 0.747713685036
365.0 6.0 0.576568126678
365.0 7.0 0.479446232319
365.0 8.0 0.422843366861
365.0 9.0 0.390884578228
365.0 10.0 0.37521725893
365.0 11.0 0.370887905359
365.0 12.0 0.374940991402
365.0 13.0 0.385527163744
365.0 14.0 0.401424765587
365.0 15.0 0.421823829412
365.0 16.0 0.446149617434
365.0 17.0 0.473973602057
365.0 18.0 0.505018770695
365.0 19.0 0.539039194584
365.0 20.0 0.575846016407
365.0 21.0 0.615335822105
365.0 22.0 0.657405734062
365.0 23.0 0.701979339123
365.0 24.0 0.748980998993
365.0 25.0 0.79835742712
365.0 26.0 0.850071370602
365.0 27.0 0.904087126255
365.0 28.0 0.960375368595
365.0 29.0 1.01890325546
365.0 30.0 1.07967078686
365.0 31.0 1.14265882969
365.0 32.0 1.20783984661
365.0 33.0 1.27521514893
365.0 34.0 1.34476852417
365.0 35.0 1.41649699211
365.0 36.0 1.49039101601
365.0 37.0 1.56644105911
365.0 38.0 1.64464056492
365.0 39.0 1.72498595715
365.0 40.0 1.80747890472
370.0 1.0 11.0654172897
370.0 2.0 3.53293371201
370.0 3.0 1.71746194363
370.0 4.0 1.0410875082
370.0 5.0 0.724404990673
370.0 6.0 0.555863618851
370.0 7.0 0.459749191999
370.0 8.0 0.403259664774
370.0 9.0 0.37080937624
370.0 10.0 0.351769894361
370.0 11.0 0.348699569702
370.0 12.0 0.351275533438
370.0 13.0 0.360155433416
370.0 14.0 0.37414085865
370.0 15.0 0.392439424992
370.0 16.0 0.414469003677
370.0 17.0 0.439831346273
370.0 18.0 0.468229621649
370.0 19.0 0.499426245689
370.0 20.0 0.533256232738
370.0 21.0 0.569592356682
370.0 22.0 0.608343422413
370.0 23.0 0.649438560009
370.0 24.0 0.692806184292
370.0 25.0 0.738390803337
370.0 26.0 0.786146461964
370.0 27.0 0.836040377617
370.0 28.0 0.888048708439
370.0 29.0 0.942139804363
370.0 30.0 0.998291730881
370.0 31.0 1.05651116371
370.0 32.0 1.11678266525
370.0 33.0 1.17907822132
370.0 34.0 1.2434002161
370.0 35.0 1.30973947048
370.0 36.0 1.37808537483
370.0 37.0 1.44843065739
370.0 38.0 1.52076864243
370.0 39.0 1.59509384632
370.0 40.0 1.67140340805
375.0 1.0 10.7012424469
375.0 2.0 3.42839407921
375.0 3.0 1.6674478054
375.0 4.0 1.00865590572
375.0 5.0 0.699316740036
375.0 6.0 0.534122109413
375.0 7.0 0.439515382051
375.0 8.0 0.383536338806
375.0 9.0 0.350923776627
375.0 10.0 0.333737015724
375.0 11.0 0.327231198549
375.0 12.0 0.328575998545
375.0 13.0 0.335982292891
375.0 14.0 0.348290681839
375.0 15.0 0.364724129438
375.0 16.0 0.384697973728
375.0 17.0 0.407836645842
375.0 18.0 0.433841258287
375.0 19.0 0.462499350309
375.0 20.0 0.493623375893
375.0 21.0 0.527096509933
375.0 22.0 0.562832593918
375.0 23.0 0.600762486458
375.0 24.0 0.640814721584
375.0 25.0 0.682929635048
375.0 26.0 0.727068841457
375.0 27.0 0.77320098877
375.0 28.0 0.821298837662
375.0 29.0 0.8713362813
375.0 30.0 0.923284351826
375.0 31.0 0.977150499821
375.0 32.0 1.03291642666
375.0 33.0 1.09057497978
375.0 34.0 1.15011191368
375.0 35.0 1.21152412891
375.0 36.0 1.27479493618
375.0 37.0 1.33992123604
375.0 38.0 1.40689599514
375.0 39.0 1.47571372986
375.0 40.0 1.54636764526
380.0 1.0 10.3378381729
380.0 2.0 3.3193128109
380.0 3.0 1.61423516273
380.0 4.0 0.974321961403
380.0 5.0 0.673149824142
380.0 6.0 0.511881768703
380.0 7.0 0.419164925814
380.0 8.0 0.364002406597
380.0 9.0 0.331491947174
380.0 10.0 0.311038553715
380.0 11.0 0.306662887335
380.0 12.0 0.306976646185
380.0 13.0 0.313109338284
380.0 14.0 0.32395067811
380.0 15.0 0.338713169098
380.0 16.0 0.356838464737
380.0 17.0 0.377981305122
380.0 18.0 0.401828318834
380.0 19.0 0.428178459406
380.0 20.0 0.456848293543
380.0 21.0 0.487720102072
380.0 22.0 0.520712256432
380.0 23.0 0.555748462677
380.0 24.0 0.592770755291
380.0 25.0 0.631717681885
380.0 26.0 0.672553181648
380.0 27.0 0.715245425701
380.0 28.0 0.759769380093
380.0 29.0 0.806095778942
380.0 30.0 0.854201078415
380.0 31.0 0.904087603092
380.0 32.0 0.955740690231
380.0 33.0 1.00914859772
380.0 34.0 1.06430387497
380.0 35.0 1.12120079994
380.0 36.0 1.17982161045
380.0 37.0 1.24016201496
380.0 38.0 1.30222034454
380.0 39.0 1.36598980427
380.0 40.0 1.43146693707
385.0 1.0 9.97714996338
385.0 2.0 3.20737314224
385.0 3.0 1.55900812149
385.0 4.0 0.938869476318
385.0 5.0 0.646440148354
385.0 6.0 0.489524334669
385.0 7.0 0.398995965719
385.0 8.0 0.344888806343
385.0 9.0 0.312686294317
385.0 10.0 0.294916033745
385.0 11.0 0.28709051013
385.0 12.0 0.286544412374
385.0 13.0 0.291584849358
385.0 14.0 0.301130205393
385.0 15.0 0.314402639866
385.0 16.0 0.330877065659
385.0 17.0 0.350214481354
385.0 18.0 0.372108757496
385.0 19.0 0.396360725164
385.0 20.0 0.422795951366
385.0 21.0 0.451299875975
385.0 22.0 0.481783539057
385.0 23.0 0.514180719852
385.0 24.0 0.548433482647
385.0 25.0 0.584483861923
385.0 26.0 0.622296988964
385.0 27.0 0.661841511726
385.0 28.0 0.703092634678
385.0 29.0 0.746019542217
385.0 30.0 0.790604412556
385.0 31.0 0.836847782135
385.0 32.0 0.884730756283
385.0 33.0 0.934241235256
385.0 34.0 0.985376060009
385.0 35.0 1.03813278675
385.0 36.0 1.09249472618
385.0 37.0 1.14845561981
385.0 38.0 1.20600998402
385.0 39.0 1.26515543461
385.0 40.0 1.32588601112
390.0 1.0 9.62084197998
390.0 2.0 3.09401583672
390.0 3.0 1.50266432762
390.0 4.0 0.902897655964
390.0 5.0 0.619612038136
390.0 6.0 0.467345446348
390.0 7.0 0.37922719121
390.0 8.0 0.326356053352
390.0 9.0 0.294623851776
390.0 10.0 0.273728430271
390.0 11.0 0.268563896418
390.0 12.0 0.267301499844
390.0 13.0 0.271404027939
390.0 14.0 0.279803067446
390.0 15.0 0.29173591733
390.0 16.0 0.306736439466
390.0 17.0 0.324451982975
390.0 18.0 0.344574451447
390.0 19.0 0.366915106773
390.0 20.0 0.391317903996
390.0 21.0 0.417653650045
390.0 22.0 0.445849955082
390.0 23.0 0.475834012032
390.0 24.0 0.507552206516
390.0 25.0 0.540952146053
390.0 26.0 0.575996279716
390.0 27.0 0.612656772137
390.0 28.0 0.650909125805
390.0 29.0 0.690717637539
390.0 30.0 0.732071638107
390.0 31.0 0.774968981743
390.0 32.0 0.819394171238
390.0 33.0 0.865335822105
390.0 34.0 0.912792026997
390.0 35.0 0.961748480797
390.0 36.0 1.01220321655
390.0 37.0 1.06414449215
390.0 38.0 1.1175686121
390.0 39.0 1.17246794701
390.0 40.0 1.22884213924
395.0 1.0 9.27023124695
395.0 2.0 2.98040819168
395.0 3.0 1.44591057301
395.0 4.0 0.866833984852
395.0 5.0 0.592965066433
395.0 6.0 0.445552796125
395.0 7.0 0.360009908676
395.0 8.0 0.308506399393
395.0 9.0 0.277389615774
395.0 10.0 0.259647011757
395.0 11.0 0.25109359622
395.0 12.0 0.249246925116
395.0 13.0 0.252539217472
395.0 14.0 0.25991949439
395.0 15.0 0.27066603303
395.0 16.0 0.284352093935
395.0 17.0 0.300586432219
395.0 18.0 0.319098770618
395.0 19.0 0.339698255062
395.0 20.0 0.362243413925
395.0 21.0 0.386599242687
395.0 22.0 0.412702530622
395.0 23.0 0.440478533506
395.0 24.0 0.469877332449
395.0 25.0 0.500847101212
395.0 26.0 0.533354401588
395.0 27.0 0.567368209362
395.0 28.0 0.602862775326
395.0 29.0 0.639809370041
395.0 30.0 0.678202033043
395.0 31.0 0.718032300472
395.0 32.0 0.75928580761
395.0 33.0 0.801951766014
395.0 34.0 0.846025109291
395.0 35.0 0.891501069069
395.0 36.0 0.938360154629
395.0 37.0 0.986607372761
395.0 38.0 1.03623378277
395.0 39.0 1.08723473549
395.0 40.0 1.13960623741
400.0 1.0 8.92631721497
400.0 2.0 2.8674390316
400.0 3.0 1.38932299614
400.0 4.0 0.831041932106
400.0 5.0 0.566732406616
400.0 6.0 0.424305558205
400.0 7.0 0.341438621283
400.0 8.0 0.291406661272
400.0 9.0 0.260999023914
400.0 10.0 0.240264639258
400.0 11.0 0.234671026468
400.0 12.0 0.232351243496
400.0 13.0 0.234941214323
400.0 14.0 0.241412475705
400.0 15.0 0.251122832298
400.0 16.0 0.263612300158
400.0 17.0 0.278501093388
400.0 18.0 0.295550763607
400.0 19.0 0.314565956593
400.0 20.0 0.335409581661
400.0 21.0 0.357955932617
400.0 22.0 0.382141292095
400.0 23.0 0.407896250486
400.0 24.0 0.435167461634
400.0 25.0 0.463909268379
400.0 26.0 0.494081199169
400.0 27.0 0.525663256645
400.0 28.0 0.558630943298
400.0 29.0 0.592955231667
400.0 30.0 0.628628849983
400.0 31.0 0.665638446808
400.0 32.0 0.703976094723
400.0 33.0 0.743630349636
400.0 34.0 0.78459239006
400.0 35.0 0.826863348484
400.0 36.0 0.870427846909
400.0 37.0 0.915279686451
400.0 38.0 0.961410403252
400.0 39.0 1.00882577896
400.0 40.0 1.05751669407
405.0 1.0 8.59006118774
405.0 2.0 2.75585484505
405.0 3.0 1.33334970474
405.0 4.0 0.795792937279
405.0 5.0 0.541089773178
405.0 6.0 0.403707027435
405.0 7.0 0.323584496975
405.0 8.0 0.275103718042
405.0 9.0 0.245464414358
405.0 10.0 0.228135541081
405.0 11.0 0.219271332026
405.0 12.0 0.216572508216
405.0 13.0 0.218547195196
405.0 14.0 0.224230140448
405.0 15.0 0.233010903001
405.0 16.0 0.244413301349
405.0 17.0 0.25808468461
405.0 18.0 0.273800075054
405.0 19.0 0.291369855404
405.0 20.0 0.310657292604
405.0 21.0 0.33154630661
405.0 22.0 0.353973567486
405.0 23.0 0.377874165773
405.0 24.0 0.403191864491
405.0 25.0 0.42988166213
405.0 26.0 0.457914978266
405.0 27.0 0.487265169621
405.0 28.0 0.517910718918
405.0 29.0 0.549823701382
405.0 30.0 0.582994759083
405.0 31.0 0.617413520813
405.0 32.0 0.653069555759
405.0 33.0 0.689953029156
405.0 34.0 0.72805416584
405.0 35.0 0.767373919487
405.0 36.0 0.807902097702
405.0 37.0 0.849630355835
405.0 38.0 0.892554163933
405.0 39.0 0.936666250229
405.0 40.0 0.981968104839
410.0 1.0 8.26210975647
410.0 2.0 2.64620947838
410.0 3.0 1.27833878994
410.0 4.0 0.761291086674
410.0 5.0 0.516174912453
410.0 6.0 0.383818894625
410.0 7.0 0.306491225958
410.0 8.0 0.259594500065
410.0 9.0 0.230778425932
410.0 10.0 0.210619002581
410.0 11.0 0.204860270023
410.0 12.0 0.201854661107
410.0 13.0 0.203294485807
410.0 14.0 0.208290427923
410.0 15.0 0.216236174107
410.0 16.0 0.226654022932
410.0 17.0 0.239220455289
410.0 18.0 0.253719687462
410.0 19.0 0.269967406988
410.0 20.0 0.287832975388
410.0 21.0 0.307202398777
410.0 22.0 0.328016191721
410.0 23.0 0.350208282471
410.0 24.0 0.373730480671
410.0 25.0 0.398540824652
410.0 26.0 0.424607872963
410.0 27.0 0.451906710863
410.0 28.0 0.480415135622
410.0 29.0 0.510111272335
410.0 30.0 0.540979623795
410.0 31.0 0.573013961315
410.0 32.0 0.606200277805
410.0 33.0 0.640531718731
410.0 34.0 0.67600029707
410.0 35.0 0.712601721287
410.0 36.0 0.750330448151
410.0 37.0 0.789179563522
410.0 38.0 0.829145491123
410.0 39.0 0.870225429535
410.0 40.0 0.91241389513
415.0 1.0 7.94294548035
415.0 2.0 2.53896784782
415.0 3.0 1.22455334663
415.0 4.0 0.727688968182
415.0 5.0 0.492052078247
415.0 6.0 0.364686518908
415.0 7.0 0.290172696114
415.0 8.0 0.244881242514
415.0 9.0 0.216926828027
415.0 10.0 0.200273364782
415.0 11.0 0.191392913461
415.0 12.0 0.188139528036
415.0 13.0 0.189133912325
415.0 14.0 0.193522334099
415.0 15.0 0.200709655881
415.0 16.0 0.210236236453
415.0 17.0 0.221798568964
415.0 18.0 0.235189199448
415.0 19.0 0.250226229429
415.0 20.0 0.266785681248
415.0 21.0 0.284761488438
415.0 22.0 0.304090380669
415.0 23.0 0.324716120958
415.0 24.0 0.346588790417
415.0 25.0 0.369668662548
415.0 26.0 0.393926978111
415.0 27.0 0.419338703156
415.0 28.0 0.445881128311
415.0 29.0 0.473536759615
415.0 30.0 0.502283990383
415.0 31.0 0.532118439674
415.0 32.0 0.563029527664
415.0 33.0 0.595008313656
415.0 34.0 0.628051042557
415.0 35.0 0.662148833275
415.0 36.0 0.697303950787
415.0 37.0 0.733503997326
415.0 38.0 0.770745337009
415.0 39.0 0.809025406837
415.0 40.0 0.848339498043
420.0 1.0 7.63298416138
420.0 2.0 2.43446111679
420.0 3.0 1.1721944809
420.0 4.0 0.695096373558
420.0 5.0 0.468780487776
420.0 6.0 0.346345186234
420.0 7.0 0.274637132883
420.0 8.0 0.230939671397
420.0 9.0 0.203883945942
420.0 10.0 0.184572473168
420.0 11.0 0.178821980953
420.0 12.0 0.17537112534
420.0 13.0 0.175988957286
420.0 14.0 0.179843574762
420.0 15.0 0.186344534159
420.0 16.0 0.195063620806
420.0 17.0 0.205713331699
420.0 18.0 0.218090802431
420.0 19.0 0.23201803863
420.0 20.0 0.247379049659
420.0 21.0 0.264072418213
420.0 22.0 0.282039672136
420.0 23.0 0.301224410534
420.0 24.0 0.321579664946
420.0 25.0 0.343067020178
420.0 26.0 0.365658760071
420.0 27.0 0.389328092337
420.0 28.0 0.41405826807
420.0 29.0 0.439830243587
420.0 30.0 0.466625213623
420.0 31.0 0.494432538748
420.0 32.0 0.523246705532
420.0 33.0 0.553060829639
420.0 34.0 0.583866178989
420.0 35.0 0.615657806396
420.0 36.0 0.648434519768
420.0 37.0 0.682188928127
420.0 38.0 0.716915428638
420.0 39.0 0.752611100674
420.0 40.0 0.789273738861
425.0 1.0 7.33250808716
425.0 2.0 2.3329436779
425.0 3.0 1.1214069128
425.0 4.0 0.663591325283
425.0 5.0 0.446396410465
425.0 6.0 0.328811138868
425.0 7.0 0.259877711535
425.0 8.0 0.217761784792
425.0 9.0 0.191622436047
425.0 10.0 0.175805866718
425.0 11.0 0.167093127966
425.0 12.0 0.163502603769
425.0 13.0 0.163809806108
425.0 14.0 0.167174622416
425.0 15.0 0.173059523106
425.0 16.0 0.18104608357
425.0 17.0 0.19086368382
425.0 18.0 0.202313691378
425.0 19.0 0.215224266052
425.0 20.0 0.229481995106
425.0 21.0 0.244999155402
425.0 22.0 0.261714547873
425.0 23.0 0.27957251668
425.0 24.0 0.298530012369
425.0 25.0 0.318549931049
425.0 26.0 0.339603692293
425.0 27.0 0.361667007208
425.0 28.0 0.384723126888
425.0 29.0 0.408753454685
425.0 30.0 0.433748364449
425.0 31.0 0.459691435099
425.0 32.0 0.486570328474
425.0 33.0 0.514383792877
425.0 34.0 0.543123543262
425.0 35.0 0.572786569595
425.0 36.0 0.603364348412
425.0 37.0 0.634862184525
425.0 38.0 0.667262911797
425.0 39.0 0.7005687356
425.0 40.0 0.734778881073
430.0 1.0 7.04163646698
430.0 2.0 2.23461031914
430.0 3.0 1.07228958607
430.0 4.0 0.633230924606
430.0 5.0 0.424918800592
430.0 6.0 0.312083095312
430.0 7.0 0.245876431465
430.0 8.0 0.205330476165
430.0 9.0 0.180106580257
430.0 10.0 0.161799445748
430.0 11.0 0.15615862608
430.0 12.0 0.152474969625
430.0 13.0 0.152515053749
430.0 14.0 0.15544475615
430.0 15.0 0.160774707794
430.0 16.0 0.168095901608
430.0 17.0 0.177154228091
430.0 18.0 0.187755778432
430.0 19.0 0.199732258916
430.0 20.0 0.212978646159
430.0 21.0 0.22741381824
430.0 22.0 0.242975398898
430.0 23.0 0.259611368179
430.0 24.0 0.277279227972
430.0 25.0 0.295943439007
430.0 26.0 0.315577864647
430.0 27.0 0.336159855127
430.0 28.0 0.357671886683
430.0 29.0 0.380096763372
430.0 30.0 0.403424412012
430.0 31.0 0.427640974522
430.0 32.0 0.452741414309
430.0 33.0 0.478710591793
430.0 34.0 0.505543529987
430.0 35.0 0.533236205578
430.0 36.0 0.561779618263
430.0 37.0 0.591177463531
430.0 38.0 0.62143611908
430.0 39.0 0.652542769909
430.0 40.0 0.684490799904
435.0 1.0 6.76034212112
435.0 2.0 2.13955545425
435.0 3.0 1.0249106884
435.0 4.0 0.604048132896
435.0 5.0 0.404359459877
435.0 6.0 0.296164602041
435.0 7.0 0.232608869672
435.0 8.0 0.193613216281
435.0 9.0 0.169298008084
435.0 10.0 0.154395535588
435.0 11.0 0.145972877741
435.0 12.0 0.142229408026
435.0 13.0 0.142036929727
435.0 14.0 0.144585907459
435.0 15.0 0.149414852262
435.0 16.0 0.156133025885
435.0 17.0 0.164497211576
435.0 18.0 0.174317285419
435.0 19.0 0.185439929366
435.0 20.0 0.197755515575
435.0 21.0 0.21119402349
435.0 22.0 0.2256937325
435.0 23.0 0.241200760007
435.0 24.0 0.257678121328
435.0 25.0 0.275092065334
435.0 26.0 0.293415933847
435.0 27.0 0.312629789114
435.0 28.0 0.332714557648
435.0 29.0 0.353656053543
435.0 30.0 0.375442773104
435.0 31.0 0.398063540459
435.0 32.0 0.421510875225
435.0 33.0 0.445771515369
435.0 34.0 0.470839858055
435.0 35.0 0.496716409922
435.0 36.0 0.523391127586
435.0 37.0 0.550873696804
435.0 38.0 0.579150795937
435.0 39.0 0.608215034008
435.0 40.0 0.638068795204
440.0 1.0 6.48876476288
440.0 2.0 2.04785871506
440.0 3.0 0.97930252552
440.0 4.0 0.57604521513
440.0 5.0 0.384715825319
440.0 6.0 0.281024515629
440.0 7.0 0.220053866506
440.0 8.0 0.182580366731
440.0 9.0 0.159162908792
440.0 10.0 0.141935110092
440.0 11.0 0.136492222548
440.0 12.0 0.132738634944
440.0 13.0 0.13232088089
440.0 14.0 0.134534388781
440.0 15.0 0.138911679387
440.0 16.0 0.145081222057
440.0 17.0 0.152808904648
440.0 18.0 0.161912962794
440.0 19.0 0.172250375152
440.0 20.0 0.183710426092
440.0 21.0 0.196230337024
440.0 22.0 0.20974779129
440.0 23.0 0.224213853478
440.0 24.0 0.239592477679
440.0 25.0 0.255851507187
440.0 26.0 0.272965729237
440.0 27.0 0.290913850069
440.0 28.0 0.309679478407
440.0 29.0 0.329249620438
440.0 30.0 0.349610596895
440.0 31.0 0.370748281479
440.0 32.0 0.392656832933
440.0 33.0 0.415331453085
440.0 34.0 0.438766419888
440.0 35.0 0.462959051132
440.0 36.0 0.48790705204
440.0 37.0 0.513599634171
440.0 38.0 0.540038347244
440.0 39.0 0.567217767239
440.0 40.0 0.595127105713
445.0 1.0 6.22680902481
445.0 2.0 1.95955789089
445.0 3.0 0.93547141552
445.0 4.0 0.549215495586
445.0 5.0 0.365981757641
445.0 6.0 0.266635119915
445.0 7.0 0.208184838295
445.0 8.0 0.17219927907
445.0 9.0 0.149662077427
445.0 10.0 0.135706022382
445.0 11.0 0.12766507268
445.0 12.0 0.123907700181
445.0 13.0 0.123312450945
445.0 14.0 0.125229120255
445.0 15.0 0.129198208451
445.0 16.0 0.134868204594
445.0 17.0 0.142013505101
445.0 18.0 0.150461271405
445.0 19.0 0.160074651241
445.0 20.0 0.170748278499
445.0 21.0 0.182418584824
445.0 22.0 0.195030152798
445.0 23.0 0.208535000682
445.0 24.0 0.222897857428
445.0 25.0 0.238089263439
445.0 26.0 0.254083931446
445.0 27.0 0.270860940218
445.0 28.0 0.288403362036
445.0 29.0 0.306696563959
445.0 30.0 0.325730293989
445.0 31.0 0.345496237278
445.0 32.0 0.365987509489
445.0 33.0 0.387198537588
445.0 34.0 0.409121543169
445.0 35.0 0.431755274534
445.0 36.0 0.455094337463
445.0 37.0 0.479132533073
445.0 38.0 0.503865301609
445.0 39.0 0.529285788536
445.0 40.0 0.555395007133
450.0 1.0 5.97436380386
450.0 2.0 1.87464094162
450.0 3.0 0.893402576447
450.0 4.0 0.523547291756
450.0 5.0 0.348125725985
450.0 6.0 0.252978503704
450.0 7.0 0.196973353624
450.0 8.0 0.16243571043
450.0 9.0 0.14076064527
450.0 10.0 0.124645322561
450.0 11.0 0.119455687702
450.0 12.0 0.115703128278
450.0 13.0 0.114960901439
450.0 14.0 0.11661439389
450.0 15.0 0.120214685798
450.0 16.0 0.125427082181
450.0 17.0 0.132041037083
450.0 18.0 0.139885380864
450.0 19.0 0.148832261562
450.0 20.0 0.158780351281
450.0 21.0 0.16966868937
450.0 22.0 0.181443691254
450.0 23.0 0.194060474634
450.0 24.0 0.207484021783
450.0 25.0 0.221684932709
450.0 26.0 0.236639723182
450.0 27.0 0.252326518297
450.0 28.0 0.268732637167
450.0 29.0 0.285845845938
450.0 30.0 0.303655475378
450.0 31.0 0.322153151035
450.0 32.0 0.34133130312
450.0 33.0 0.361183196306
450.0 34.0 0.381703525782
450.0 35.0 0.402891814709
450.0 36.0 0.42474001646
450.0 37.0 0.447239547968
450.0 38.0 0.470388919115
450.0 39.0 0.494187086821
450.0 40.0 0.518633008003
455.0 1.0 5.73126411438
455.0 2.0 1.79305660725
455.0 3.0 0.853079915047
455.0 4.0 0.499019354582
455.0 5.0 0.331124067307
455.0 6.0 0.240031331778
455.0 7.0 0.186389654875
455.0 8.0 0.153256192803
455.0 9.0 0.132422938943
455.0 10.0 0.119418218732
455.0 11.0 0.111821807921
455.0 12.0 0.108079783618
455.0 13.0 0.107217922807
455.0 14.0 0.108637198806
455.0 15.0 0.111903168261
455.0 16.0 0.116701997817
455.0 17.0 0.12282628566
455.0 18.0 0.130115330219
455.0 19.0 0.138447925448
455.0 20.0 0.147726893425
455.0 21.0 0.157892435789
455.0 22.0 0.168894201517
455.0 23.0 0.180687427521
455.0 24.0 0.19323977828
455.0 25.0 0.206522136927
455.0 26.0 0.220511808991
455.0 27.0 0.23519179225
455.0 28.0 0.250548183918
455.0 29.0 0.266568303108
455.0 30.0 0.283242970705
455.0 31.0 0.300562739372
455.0 32.0 0.318520754576
455.0 33.0 0.337111890316
455.0 34.0 0.356333643198
455.0 35.0 0.376179337502
455.0 36.0 0.39663875103
455.0 37.0 0.417712271214
455.0 38.0 0.439397990704
455.0 39.0 0.461692839861
455.0 40.0 0.484594881535
460.0 1.0 5.49740982056
460.0 2.0 1.71477663517
460.0 3.0 0.814466834068
460.0 4.0 0.475597172976
460.0 5.0 0.314946591854
460.0 6.0 0.227763682604
460.0 7.0 0.176401808858
460.0 8.0 0.144627779722
460.0 9.0 0.124614141881
460.0 10.0 0.109611436725
460.0 11.0 0.104710571468
460.0 12.0 0.100997343659
460.0 13.0 0.100037813187
460.0 14.0 0.101249739528
460.0 15.0 0.104211509228
460.0 16.0 0.108633168042
460.0 17.0 0.114308819175
460.0 18.0 0.121086746454
460.0 19.0 0.128850609064
460.0 20.0 0.137512788177
460.0 21.0 0.14700949192
460.0 22.0 0.157293900847
460.0 23.0 0.16832460463
460.0 24.0 0.180068746209
460.0 25.0 0.192500412464
460.0 26.0 0.205596700311
460.0 27.0 0.219344645739
460.0 28.0 0.233728393912
460.0 29.0 0.248736053705
460.0 30.0 0.264357954264
460.0 31.0 0.28058719635
460.0 32.0 0.297415971756
460.0 33.0 0.314837515354
460.0 34.0 0.332849234343
460.0 35.0 0.351442784071
460.0 36.0 0.370616078377
460.0 37.0 0.39036667347
460.0 38.0 0.410694092512
460.0 39.0 0.431593179703
460.0 40.0 0.453060984612
465.0 1.0 5.27253818512
465.0 2.0 1.63972091675
465.0 3.0 0.777543604374
465.0 4.0 0.453255921602
465.0 5.0 0.299563884735
465.0 6.0 0.216143369675
465.0 7.0 0.166976556182
465.0 8.0 0.136518999934
465.0 9.0 0.117302216589
465.0 10.0 0.105234123766
465.0 11.0 0.0980809107423
465.0 12.0 0.0944164469838
465.0 13.0 0.0933768078685
465.0 14.0 0.0944051742554
465.0 15.0 0.0970921367407
465.0 16.0 0.101168960333
465.0 17.0 0.106432214379
465.0 18.0 0.112738333642
465.0 19.0 0.119977973402
465.0 20.0 0.128069475293
465.0 21.0 0.136947229505
465.0 22.0 0.146567046642
465.0 23.0 0.156890079379
465.0 24.0 0.167885556817
465.0 25.0 0.179527699947
465.0 26.0 0.19179867208
465.0 27.0 0.204680711031
465.0 28.0 0.218161419034
465.0 29.0 0.232230082154
465.0 30.0 0.246876314282
465.0 31.0 0.262089550495
465.0 32.0 0.277866721153
465.0 33.0 0.294203996658
465.0 34.0 0.311092078686
465.0 35.0 0.328528732061
465.0 36.0 0.346508979797
465.0 37.0 0.365031659603
465.0 38.0 0.384093225002
465.0 39.0 0.403691679239
465.0 40.0 0.423826098442
470.0 1.0 5.05649328232
470.0 2.0 1.56782197952
470.0 3.0 0.742252767086
470.0 4.0 0.431965053082
470.0 5.0 0.284949868917
470.0 6.0 0.20514126122
470.0 7.0 0.158086895943
470.0 8.0 0.128900274634
470.0 9.0 0.110456131399
470.0 10.0 0.0965445116162
470.0 11.0 0.0919069573283
470.0 12.0 0.0883016735315
470.0 13.0 0.0871978700161
470.0 14.0 0.0880616530776
470.0 15.0 0.0905015841126
470.0 16.0 0.0942621901631
470.0 17.0 0.099146425724
470.0 18.0 0.105016700923
470.0 19.0 0.111771829426
470.0 20.0 0.119333304465
470.0 21.0 0.127637371421
470.0 22.0 0.136641204357
470.0 23.0 0.146308213472
470.0 24.0 0.156610324979
470.0 25.0 0.167521879077
470.0 26.0 0.179024741054
470.0 27.0 0.191103905439
470.0 28.0 0.203746855259
470.0 29.0 0.216941937804
470.0 30.0 0.230679392815
470.0 31.0 0.244949877262
470.0 32.0 0.259750157595
470.0 33.0 0.275077193975
470.0 34.0 0.29092296958
470.0 35.0 0.307283312082
470.0 36.0 0.32415625453
470.0 37.0 0.341537386179
470.0 38.0 0.359425634146
470.0 39.0 0.377814918756
470.0 40.0 0.396706342697
475.0 1.0 4.84906101227
475.0 2.0 1.49900054932
475.0 3.0 0.708545267582
475.0 4.0 0.411683022976
475.0 5.0 0.271069347858
475.0 6.0 0.19472810626
475.0 7.0 0.149700850248
475.0 8.0 0.121742859483
475.0 9.0 0.104047775269
475.0 10.0 0.0928783491254
475.0 11.0 0.0861566066742
475.0 12.0 0.0826175883412
475.0 13.0 0.0814633220434
475.0 14.0 0.0821811780334
475.0 15.0 0.0843990594149
475.0 16.0 0.0878684669733
475.0 17.0 0.0924031436443
475.0 18.0 0.0978720933199
475.0 19.0 0.104178592563
475.0 20.0 0.111247256398
475.0 21.0 0.119018405676
475.0 22.0 0.127450495958
475.0 23.0 0.136509805918
475.0 24.0 0.146166399121
475.0 25.0 0.156397819519
475.0 26.0 0.167186245322
475.0 27.0 0.178517699242
475.0 28.0 0.19037976861
475.0 29.0 0.202763989568
475.0 30.0 0.215659409761
475.0 31.0 0.229059129953
475.0 32.0 0.242952316999
475.0 33.0 0.257339596748
475.0 34.0 0.272215127945
475.0 35.0 0.287575334311
475.0 36.0 0.303416669369
475.0 37.0 0.319736540318
475.0 38.0 0.336530059576
475.0 39.0 0.353795975447
475.0 40.0 0.371533751488
480.0 1.0 4.65000486374
480.0 2.0 1.43315577507
480.0 3.0 0.676366388798
480.0 4.0 0.392368912697
480.0 5.0 0.257891893387
480.0 6.0 0.184874102473
480.0 7.0 0.141790166497
480.0 8.0 0.115017108619
480.0 9.0 0.0980488210917
480.0 10.0 0.0851506888866
480.0 11.0 0.0807991176844
480.0 12.0 0.0773327350616
480.0 13.0 0.0761415064335
480.0 14.0 0.076728567481
480.0 15.0 0.0787452757359
480.0 16.0 0.0819476991892
480.0 17.0 0.0861601158977
480.0 18.0 0.0912583097816
480.0 19.0 0.0971494242549
480.0 20.0 0.103761777282
480.0 21.0 0.111039489508
480.0 22.0 0.118942290545
480.0 23.0 0.127435550094
480.0 24.0 0.136491462588
480.0 25.0 0.146089941263
480.0 26.0 0.156214535236
480.0 27.0 0.166850909591
480.0 28.0 0.177988648415
480.0 29.0 0.189615935087
480.0 30.0 0.20172509551
480.0 31.0 0.214310139418
480.0 32.0 0.227365463972
480.0 33.0 0.240880444646
480.0 34.0 0.254852622747
480.0 35.0 0.269281297922
480.0 36.0 0.284162998199
480.0 37.0 0.29949387908
480.0 38.0 0.315269082785
480.0 39.0 0.331489920616
480.0 40.0 0.348156064749
485.0 1.0 4.45901489258
485.0 2.0 1.37019121647
485.0 3.0 0.645662486553
485.0 4.0 0.373986810446
485.0 5.0 0.245388060808
485.0 6.0 0.175552025437
485.0 7.0 0.134331867099
485.0 8.0 0.108700379729
485.0 9.0 0.0924293324351
485.0 10.0 0.0820887088776
485.0 11.0 0.0758062526584
485.0 12.0 0.0724175721407
485.0 13.0 0.0711989253759
485.0 14.0 0.0716714635491
485.0 15.0 0.0735044330359
485.0 16.0 0.0764621049166
485.0 17.0 0.08037763834
485.0 18.0 0.085133202374
485.0 19.0 0.0906399637461
485.0 20.0 0.0968306735158
485.0 21.0 0.103650204837
485.0 22.0 0.111058935523
485.0 23.0 0.119025088847
485.0 24.0 0.12752276659
485.0 25.0 0.136532858014
485.0 26.0 0.146038800478
485.0 27.0 0.156029686332
485.0 28.0 0.166491553187
485.0 29.0 0.177414670587
485.0 30.0 0.188792586327
485.0 31.0 0.200620919466
485.0 32.0 0.212890967727
485.0 33.0 0.225596800447
485.0 34.0 0.238730236888
485.0 35.0 0.252290576696
485.0 36.0 0.266277521849
485.0 37.0 0.280685931444
485.0 38.0 0.295514702797
485.0 39.0 0.310763597488
485.0 40.0 0.326429098845
490.0 1.0 4.27583312988
490.0 2.0 1.31001996994
490.0 3.0 0.616376459599
490.0 4.0 0.356493771076
490.0 5.0 0.233523949981
490.0 6.0 0.16673143208
490.0 7.0 0.127297133207
490.0 8.0 0.10276517272
490.0 9.0 0.0871613919735
490.0 10.0 0.0752224698663
490.0 11.0 0.0711520463228
490.0 12.0 0.0678448006511
490.0 13.0 0.0666070505977
490.0 14.0 0.0669789239764
490.0 15.0 0.0686443820596
490.0 16.0 0.0713771730661
490.0 17.0 0.075018838048
490.0 18.0 0.0794581994414
490.0 19.0 0.084609799087
490.0 20.0 0.0904081463814
490.0 21.0 0.0968004539609
490.0 22.0 0.103749848902
490.0 23.0 0.111227795482
490.0 24.0 0.119206540287
490.0 25.0 0.127668052912
490.0 26.0 0.136599838734
490.0 27.0 0.145987227559
490.0 28.0 0.155818507075
490.0 29.0 0.166086152196
490.0 30.0 0.176785245538
490.0 31.0 0.187907204032
490.0 32.0 0.199446514249
490.0 33.0 0.211395874619
490.0 34.0 0.223748266697
490.0 35.0 0.236500322819
490.0 36.0 0.249652013183
490.0 37.0 0.263201296329
490.0 38.0 0.277148574591
490.0 39.0 0.291490852833
490.0 40.0 0.306226193905
495.0 1.0 4.10020303726
495.0 2.0 1.25254178047
495.0 3.0 0.588455975056
495.0 4.0 0.339856922626
495.0 5.0 0.222268417478
495.0 6.0 0.158387616277
495.0 7.0 0.120664060116
495.0 8.0 0.097187012434
495.0 9.0 0.0822212994099
495.0 10.0 0.0726681649685
495.0 11.0 0.0668127685785
495.0 12.0 0.0635872110724
495.0 13.0 0.0623400881886
495.0 14.0 0.0626228675246
495.0 15.0 0.0641356557608
495.0 16.0 0.0666620209813
495.0 17.0 0.0700514838099
495.0 18.0 0.0741984546185
495.0 19.0 0.0790200680494
495.0 20.0 0.0844527110457
495.0 21.0 0.0904498621821
495.0 22.0 0.0969738960266
495.0 23.0 0.103994578123
495.0 24.0 0.111490219831
495.0 25.0 0.119443364441
495.0 26.0 0.127838477492
495.0 27.0 0.136661842465
495.0 28.0 0.145905092359
495.0 29.0 0.155565500259
495.0 30.0 0.165630221367
495.0 31.0 0.176093101501
495.0 32.0 0.18695114553
495.0 33.0 0.198196291924
495.0 34.0 0.209818348289
495.0 35.0 0.221816211939
495.0 36.0 0.23419007659
495.0 37.0 0.246939525008
495.0 38.0 0.26006346941
495.0 39.0 0.273559600115
495.0 40.0 0.287426292896
500.0 1.0 3.93184065819
500.0 2.0 1.19765520096
500.0 3.0 0.561845302582
500.0 4.0 0.324036002159
500.0 5.0 0.211592152715
500.0 6.0 0.150495693088
500.0 7.0 0.114410586655
500.0 8.0 0.0919437855482
500.0 9.0 0.0775905624032
500.0 10.0 0.0665631443262
500.0 11.0 0.0627656504512
500.0 12.0 0.0596252605319
500.0 13.0 0.0583738051355
500.0 14.0 0.0585780069232
500.0 15.0 0.0599510595202
500.0 16.0 0.0622879415751
500.0 17.0 0.0654456093907
500.0 18.0 0.0693210586905
500.0 19.0 0.0738351270556
500.0 20.0 0.0789307281375
500.0 21.0 0.0845589190722
500.0 22.0 0.0906861126423
500.0 23.0 0.0972829163074
500.0 24.0 0.10432883352
500.0 25.0 0.111807771027
500.0 26.0 0.119702808559
500.0 27.0 0.128002122045
500.0 28.0 0.136699661613
500.0 29.0 0.145789906383
500.0 30.0 0.155262008309
500.0 31.0 0.165112242103
500.0 32.0 0.175333276391
500.0 33.0 0.18591979146
500.0 34.0 0.196859702468
500.0 35.0 0.208153367043
500.0 36.0 0.219801694155
500.0 37.0 0.231804803014
500.0 38.0 0.244159892201
500.0 39.0 0.256866306067
500.0 40.0 0.269923776388
505.0 1.0 3.77050042152
505.0 2.0 1.14524352551
505.0 3.0 0.536488592625
505.0 4.0 0.308996707201
505.0 5.0 0.201466396451
505.0 6.0 0.143033832312
505.0 7.0 0.108513958752
505.0 8.0 0.0870114192367
505.0 9.0 0.0732486397028
505.0 10.0 0.0644368305802
505.0 11.0 0.058989930898
505.0 12.0 0.0559373833239
505.0 13.0 0.0546858273447
505.0 14.0 0.0548203587532
505.0 15.0 0.0560662709177
505.0 16.0 0.0582295544446
505.0 17.0 0.0611719749868
505.0 18.0 0.0647951290011
505.0 19.0 0.069026120007
505.0 20.0 0.0738061666489
505.0 21.0 0.0790924578905
505.0 22.0 0.0848470851779
505.0 23.0 0.0910514369607
505.0 24.0 0.0976743251085
505.0 25.0 0.104710482061
505.0 26.0 0.112140327692
505.0 27.0 0.119954526424
505.0 28.0 0.12814283371
505.0 29.0 0.136700809002
505.0 30.0 0.145622014999
505.0 31.0 0.154898315668
505.0 32.0 0.164525404572
505.0 33.0 0.174495071173
505.0 34.0 0.184795483947
505.0 35.0 0.195431187749
505.0 36.0 0.206402465701
505.0 37.0 0.217709362507
505.0 38.0 0.229348018765
505.0 39.0 0.241317719221
505.0 40.0 0.253620237112
510.0 1.0 3.61596632004
510.0 2.0 1.09520900249
510.0 3.0 0.512329339981
510.0 4.0 0.294695317745
510.0 5.0 0.191860541701
510.0 6.0 0.135974764824
510.0 7.0 0.102951109409
510.0 8.0 0.0823701694608
510.0 9.0 0.0691768229008
510.0 10.0 0.0590010024607
510.0 11.0 0.0554658547044
510.0 12.0 0.0525012910366
510.0 13.0 0.0512547418475
510.0 14.0 0.0513282567263
510.0 15.0 0.0524577274919
510.0 16.0 0.0544611439109
510.0 17.0 0.0572042576969
510.0 18.0 0.0605952069163
510.0 19.0 0.0645616576076
510.0 20.0 0.0690486133099
510.0 21.0 0.074014313519
510.0 22.0 0.0794338285923
510.0 23.0 0.0852690339088
510.0 24.0 0.0915011242032
510.0 25.0 0.0981164649129
510.0 26.0 0.105107910931
510.0 27.0 0.112469084561
510.0 28.0 0.120183460414
510.0 29.0 0.128248214722
510.0 30.0 0.136654511094
510.0 31.0 0.145395994186
510.0 32.0 0.154466509819
510.0 33.0 0.163854196668
510.0 34.0 0.173558428884
510.0 35.0 0.183580189943
510.0 36.0 0.193920344114
510.0 37.0 0.204575657845
510.0 38.0 0.215544253588
510.0 39.0 0.226827248931
510.0 40.0 0.23842266202
515.0 1.0 3.46790599823
515.0 2.0 1.04744923115
515.0 3.0 0.489316701889
515.0 4.0 0.281100273132
515.0 5.0 0.182748094201
515.0 6.0 0.129295855761
515.0 7.0 0.0976992845535
515.0 8.0 0.0780011117458
515.0 9.0 0.0653567537665
515.0 10.0 0.0572344847023
515.0 11.0 0.0521740168333
515.0 12.0 0.0492985546589
515.0 13.0 0.0480610653758
515.0 14.0 0.0480802133679
515.0 15.0 0.0491047054529
515.0 16.0 0.0509600266814
515.0 17.0 0.0535198934376
515.0 18.0 0.0566939525306
515.0 19.0 0.0604138076305
515.0 20.0 0.0646300166845
515.0 21.0 0.0693071931601
515.0 22.0 0.0744052827358
515.0 23.0 0.0798933133483
515.0 24.0 0.0857603400946
515.0 25.0 0.0919904634356
515.0 26.0 0.0985702052712
515.0 27.0 0.105507262051
515.0 28.0 0.112781487405
515.0 29.0 0.120382539928
515.0 30.0 0.128305956721
515.0 31.0 0.136545658112
515.0 32.0 0.145092070103
515.0 33.0 0.153938919306
515.0 34.0 0.163086161017
515.0 35.0 0.172535210848
515.0 36.0 0.182284101844
515.0 37.0 0.192331090569
515.0 38.0 0.202674746513
515.0 39.0 0.213314518332
515.0 40.0 0.224244132638
520.0 1.0 3.32611584663
520.0 2.0 1.0018645525
520.0 3.0 0.467393606901
520.0 4.0 0.268182218075
520.0 5.0 0.174103707075
520.0 6.0 0.122973814607
520.0 7.0 0.0927437990904
520.0 8.0 0.0738884806633
520.0 9.0 0.0617718286812
520.0 10.0 0.0523853823543
520.0 11.0 0.0490980930626
520.0 12.0 0.0463126823306
520.0 13.0 0.0450876019895
520.0 14.0 0.0450585670769
520.0 15.0 0.0459871254861
520.0 16.0 0.0477061569691
520.0 17.0 0.0500955879688
520.0 18.0 0.0530685558915
520.0 19.0 0.0565597675741
520.0 20.0 0.0605322793126
520.0 21.0 0.0649316981435
520.0 22.0 0.0697245970368
520.0 23.0 0.074892885983
520.0 24.0 0.0804179757833
520.0 25.0 0.0862827971578
520.0 26.0 0.0924884900451
520.0 27.0 0.0990290790796
520.0 28.0 0.105887904763
520.0 29.0 0.113055296242
520.0 30.0 0.120527967811
520.0 31.0 0.128296688199
520.0 32.0 0.136353090405
520.0 33.0 0.144695341587
520.0 34.0 0.153322413564
520.0 35.0 0.162235319614
520.0 36.0 0.171432316303
520.0 37.0 0.180910348892
520.0 38.0 0.190668731928
520.0 39.0 0.20070117712
520.0 40.0 0.211008399725
525.0 1.0 3.19033956528
525.0 2.0 0.95837777853
525.0 3.0 0.446512699127
525.0 4.0 0.255899906158
525.0 5.0 0.165900498629
525.0 6.0 0.116988882422
525.0 7.0 0.0880656167865
525.0 8.0 0.0700163096189
525.0 9.0 0.0584063492715
525.0 10.0 0.0509198047221
525.0 11.0 0.0462262369692
525.0 12.0 0.0435281731188
525.0 13.0 0.0423175357282
525.0 14.0 0.042246311903
525.0 15.0 0.0430875197053
525.0 16.0 0.0446805432439
525.0 17.0 0.046912252903
525.0 18.0 0.0496978275478
525.0 19.0 0.0529855415225
525.0 20.0 0.0567207671702
525.0 21.0 0.0608554296196
525.0 22.0 0.0653684586287
525.0 23.0 0.0702359825373
525.0 24.0 0.0754410028458
525.0 25.0 0.0809663459659
525.0 26.0 0.0868253707886
525.0 27.0 0.0929957479239
525.0 28.0 0.0994647666812
525.0 29.0 0.10622715205
525.0 30.0 0.113275676966
525.0 31.0 0.120601981878
525.0 32.0 0.128203094006
525.0 33.0 0.136072829366
525.0 34.0 0.144214227796
525.0 35.0 0.152626395226
525.0 36.0 0.16130618751
525.0 37.0 0.170251086354
525.0 38.0 0.179456293583
525.0 39.0 0.188922718167
525.0 40.0 0.198648974299
530.0 1.0 3.06029605865
530.0 2.0 0.916880726814
530.0 3.0 0.426630318165
530.0 4.0 0.244225472212
530.0 5.0 0.158118337393
530.0 6.0 0.111325077713
530.0 7.0 0.0836498588324
530.0 8.0 0.0663704425097
530.0 9.0 0.0552456155419
530.0 10.0 0.0465904064476
530.0 11.0 0.0435419864953
530.0 12.0 0.0409292280674
530.0 13.0 0.0397354625165
530.0 14.0 0.0396279245615
530.0 15.0 0.0403882190585
530.0 16.0 0.0418661721051
530.0 17.0 0.0439513474703
530.0 18.0 0.0465680472553
530.0 19.0 0.0496605224907
530.0 20.0 0.0531697534025
530.0 21.0 0.0570613257587
530.0 22.0 0.0613124109805
530.0 23.0 0.0658995807171
530.0 24.0 0.0708059519529
530.0 25.0 0.0760189443827
530.0 26.0 0.0815486833453
530.0 27.0 0.0873718485236
530.0 28.0 0.093476511538
530.0 29.0 0.0998590663075
530.0 30.0 0.106510393322
530.0 31.0 0.113424092531
530.0 32.0 0.120597369969
530.0 33.0 0.128026515245
530.0 34.0 0.135713607073
530.0 35.0 0.143656358123
530.0 36.0 0.15185020864
530.0 37.0 0.160292625427
530.0 38.0 0.168982759118
530.0 39.0 0.17791941762
530.0 40.0 0.187101766467
535.0 1.0 2.93591117859
535.0 2.0 0.87729126215
535.0 3.0 0.407692402601
535.0 4.0 0.233126610518
535.0 5.0 0.150734528899
535.0 6.0 0.105965107679
535.0 7.0 0.0794803723693
535.0 8.0 0.0629364103079
535.0 9.0 0.0522765517235
535.0 10.0 0.0453776083887
535.0 11.0 0.0410318113863
535.0 12.0 0.0385031551123
535.0 13.0 0.0373281612992
535.0 14.0 0.0371883399785
535.0 15.0 0.03787593171
535.0 16.0 0.0392470918596
535.0 17.0 0.04119579494
535.0 18.0 0.043658003211
535.0 19.0 0.0465627200902
535.0 20.0 0.0498633645475
535.0 21.0 0.0535282418132
535.0 22.0 0.0575352162123
535.0 23.0 0.0618599839509
535.0 24.0 0.0664848014712
535.0 25.0 0.0714101940393
535.0 26.0 0.0766307935119
535.0 27.0 0.0821270495653
535.0 28.0 0.0878916978836
535.0 29.0 0.0939170494676
535.0 30.0 0.100195720792
535.0 31.0 0.106724411249
535.0 32.0 0.113496847451
535.0 33.0 0.120513945818
535.0 34.0 0.127775490284
535.0 35.0 0.135276123881
535.0 36.0 0.143013566732
535.0 37.0 0.150986760855
535.0 38.0 0.159193947911
535.0 39.0 0.167634695768
535.0 40.0 0.176307678223
540.0 1.0 2.81655168533
540.0 2.0 0.839522123337
540.0 3.0 0.389658331871
540.0 4.0 0.222572416067
540.0 5.0 0.143724039197
540.0 6.0 0.100889839232
540.0 7.0 0.0755413323641
540.0 8.0 0.0596990846097
540.0 9.0 0.0494857430458
540.0 10.0 0.0415044203401
540.0 11.0 0.0386831834912
540.0 12.0 0.0362368673086
540.0 13.0 0.0350820347667
540.0 14.0 0.0349140092731
540.0 15.0 0.0355357900262
540.0 16.0 0.0368086099625
540.0 17.0 0.0386359617114
540.0 18.0 0.0409489460289
540.0 19.0 0.0436763092875
540.0 20.0 0.0467832349241
540.0 21.0 0.0502370856702
540.0 22.0 0.0540155917406
540.0 23.0 0.0580948553979
540.0 24.0 0.0624545700848
540.0 25.0 0.0671122968197
540.0 26.0 0.072043672204
540.0 27.0 0.077233210206
540.0 28.0 0.0826786160469
540.0 29.0 0.0883696377277
540.0 30.0 0.0942998751998
540.0 31.0 0.100466430187
540.0 32.0 0.106864668429
540.0 33.0 0.113496005535
540.0 34.0 0.120356865227
540.0 35.0 0.12744218111
540.0 36.0 0.134752884507
540.0 37.0 0.142286449671
540.0 38.0 0.150040686131
540.0 39.0 0.158016368747
540.0 40.0 0.166212245822
545.0 1.0 2.70246267319
545.0 2.0 0.803478658199
545.0 3.0 0.372483849525
545.0 4.0 0.212537437677
545.0 5.0 0.137070611119
545.0 6.0 0.0960829332471
545.0 7.0 0.0718199014664
545.0 8.0 0.056648414582
545.0 9.0 0.0468621738255
545.0 10.0 0.0405041016638
545.0 11.0 0.0364846996963
545.0 12.0 0.034119348973
545.0 13.0 0.0329857356846
545.0 14.0 0.0327936522663
545.0 15.0 0.0333553738892
545.0 16.0 0.0345367863774
545.0 17.0 0.0362528711557
545.0 18.0 0.0384213924408
545.0 19.0 0.0409869067371
545.0 20.0 0.0439131632447
545.0 21.0 0.047169636935
545.0 22.0 0.05073421821
545.0 23.0 0.0545819401741
545.0 24.0 0.0587027743459
545.0 25.0 0.0631039664149
545.0 26.0 0.067761592567
545.0 27.0 0.0726658627391
545.0 28.0 0.0778108537197
545.0 29.0 0.0831876769662
545.0 30.0 0.0887915566564
545.0 31.0 0.0946189016104
545.0 32.0 0.100667089224
545.0 33.0 0.106935881078
545.0 34.0 0.113418549299
545.0 35.0 0.120116516948
545.0 36.0 0.127026453614
545.0 37.0 0.134147033095
545.0 38.0 0.141477271914
545.0 39.0 0.149017006159
545.0 40.0 0.156761094928
550.0 1.0 2.59322738647
550.0 2.0 0.769104599953
550.0 3.0 0.356121838093
550.0 4.0 0.202992618084
550.0 5.0 0.130753293633
550.0 6.0 0.0915292277932
550.0 7.0 0.0683022812009
550.0 8.0 0.0537723042071
550.0 9.0 0.0443932339549
550.0 10.0 0.0370393097401
550.0 11.0 0.0344257056713
550.0 12.0 0.0321395434439
550.0 13.0 0.0310278367251
550.0 14.0 0.0308156311512
550.0 15.0 0.0313222035766
550.0 16.0 0.0324224755168
550.0 17.0 0.0340326018631
550.0 18.0 0.0360652990639
550.0 19.0 0.0384797416627
550.0 20.0 0.0412374697626
550.0 21.0 0.044309489429
550.0 22.0 0.0476734414697
550.0 23.0 0.0513036213815
550.0 24.0 0.05520215258
550.0 25.0 0.0593620240688
550.0 26.0 0.0637632086873
550.0 27.0 0.0683994293213
550.0 28.0 0.0732630342245
550.0 29.0 0.0783450454473
550.0 30.0 0.0836434662342
550.0 31.0 0.0891523510218
550.0 32.0 0.0948723554611
550.0 33.0 0.100798018277
550.0 34.0 0.10692858696
550.0 35.0 0.113261662424
550.0 36.0 0.119795486331
550.0 37.0 0.126529306173
550.0 38.0 0.133461475372
550.0 39.0 0.14058727026
550.0 40.0 0.147909879684
555.0 1.0 2.48867821693
555.0 2.0 0.736271560192
555.0 3.0 0.34055685997
555.0 4.0 0.193913981318
555.0 5.0 0.124755360186
555.0 6.0 0.0872144028544
555.0 7.0 0.0649764835835
555.0 8.0 0.0510589703918
555.0 9.0 0.0420697405934
555.0 10.0 0.0362150296569
555.0 11.0 0.0324963703752
555.0 12.0 0.0302874296904
555.0 13.0 0.0291985087097
555.0 14.0 0.0289692152292
555.0 15.0 0.0294258408248
555.0 16.0 0.0304533336312
555.0 17.0 0.0319577753544
555.0 18.0 0.0338681563735
555.0 19.0 0.0361422523856
555.0 20.0 0.0387421324849
555.0 21.0 0.0416413061321
555.0 22.0 0.0448181591928
555.0 23.0 0.0482454374433
555.0 24.0 0.051933914423
555.0 25.0 0.0558669492602
555.0 26.0 0.0600281991065
555.0 27.0 0.0644124224782
555.0 28.0 0.069011002779
555.0 29.0 0.0738171860576
555.0 30.0 0.0788282826543
555.0 31.0 0.0840395018458
555.0 32.0 0.0894498452544
555.0 33.0 0.0950545147061
555.0 34.0 0.100853666663
555.0 35.0 0.10684440285
555.0 36.0 0.113025590777
555.0 37.0 0.119395323098
555.0 38.0 0.125949949026
555.0 39.0 0.132692202926
555.0 40.0 0.139622956514
560.0 1.0 2.38860559464
560.0 2.0 0.704974770546
560.0 3.0 0.325686305761
560.0 4.0 0.18527777493
560.0 5.0 0.119058564305
560.0 6.0 0.0831241384149
560.0 7.0 0.0618297345936
560.0 8.0 0.0484979487956
560.0 9.0 0.0398816801608
560.0 10.0 0.0331083498895
560.0 11.0 0.0306876059622
560.0 12.0 0.028553860262
560.0 13.0 0.0274884812534
560.0 14.0 0.0272449012846
560.0 15.0 0.0276562701911
560.0 16.0 0.0286152325571
560.0 17.0 0.0300223641098
560.0 18.0 0.0318188816309
560.0 19.0 0.033961519599
560.0 20.0 0.0364140123129
560.0 21.0 0.0391509458423
560.0 22.0 0.0421506389976
560.0 23.0 0.0453901030123
560.0 24.0 0.0488814674318
560.0 25.0 0.0526003018022
560.0 26.0 0.0565369427204
560.0 27.0 0.0606848932803
560.0 28.0 0.0650343447924
560.0 29.0 0.0695822313428
560.0 30.0 0.0743228122592
560.0 31.0 0.0792547389865
560.0 32.0 0.0843725055456
560.0 33.0 0.0896770581603
560.0 34.0 0.0951645448804
560.0 35.0 0.100833952427
560.0 36.0 0.106683462858
560.0 37.0 0.112709388137
560.0 38.0 0.118914052844
560.0 39.0 0.125297039747
560.0 40.0 0.131856590509
565.0 1.0 2.29280233383
565.0 2.0 0.675108194351
565.0 3.0 0.311544299126
565.0 4.0 0.177066639066
565.0 5.0 0.113652929664
565.0 6.0 0.0792505219579
565.0 7.0 0.0588553696871
565.0 8.0 0.0460831075907
565.0 9.0 0.0378228798509
565.0 10.0 0.0324329696596
565.0 11.0 0.0289926957339
565.0 12.0 0.0269314311445
565.0 13.0 0.0258904714137
565.0 14.0 0.0256351511925
565.0 15.0 0.026007540524
565.0 16.0 0.0268984381109
565.0 17.0 0.0282166711986
565.0 18.0 0.0299065969884
565.0 19.0 0.0319254994392
565.0 20.0 0.0342396460474
565.0 21.0 0.0368252508342
565.0 22.0 0.0396570041776
565.0 23.0 0.0427235141397
565.0 24.0 0.0460270531476
565.0 25.0 0.0495454855263
565.0 26.0 0.0532711856067
565.0 27.0 0.0571965016425
565.0 28.0 0.0613128989935
565.0 29.0 0.0656178370118
565.0 30.0 0.0701051205397
565.0 31.0 0.0747729018331
565.0 32.0 0.0796178355813
565.0 33.0 0.0846389830112
565.0 34.0 0.0898338407278
565.0 35.0 0.0952007994056
565.0 36.0 0.100737906992
565.0 37.0 0.10644377023
565.0 38.0 0.11231982708
565.0 39.0 0.118363685906
565.0 40.0 0.124575339258
570.0 1.0 2.20110011101
570.0 2.0 0.646614015102
570.0 3.0 0.298069030046
570.0 4.0 0.169252753258
570.0 5.0 0.108518518507
570.0 6.0 0.075576685369
570.0 7.0 0.0560411140323
570.0 8.0 0.0438028611243
570.0 9.0 0.0358831658959
570.0 10.0 0.0296435970813
570.0 11.0 0.0274024326354
570.0 12.0 0.0254114307463
570.0 13.0 0.0243954733014
570.0 14.0 0.0241309888661
570.0 15.0 0.0244673807174
570.0 16.0 0.0252949371934
570.0 17.0 0.0265299659222
570.0 18.0 0.0281200725585
570.0 19.0 0.0300235524774
570.0 20.0 0.0322085991502
570.0 21.0 0.0346519127488
570.0 22.0 0.037326361984
570.0 23.0 0.0402305647731
570.0 24.0 0.0433572232723
570.0 25.0 0.0466872490942
570.0 26.0 0.0502144992352
570.0 27.0 0.053929861635
570.0 28.0 0.0578272119164
570.0 29.0 0.0619024224579
570.0 30.0 0.0661519989371
570.0 31.0 0.0705711171031
570.0 32.0 0.0751600340009
570.0 33.0 0.0799153968692
570.0 34.0 0.0848353132606
570.0 35.0 0.089919090271
570.0 36.0 0.0951631516218
570.0 37.0 0.100569434464
570.0 38.0 0.106135234237
570.0 39.0 0.111860662699
570.0 40.0 0.117745600641
575.0 1.0 2.11332082748
575.0 2.0 0.619423687458
575.0 3.0 0.285231560469
575.0 4.0 0.161818474531
575.0 5.0 0.103642009199
575.0 6.0 0.0720925480127
575.0 7.0 0.0533779747784
575.0 8.0 0.0416497699916
575.0 9.0 0.0340558215976
575.0 10.0 0.0290926322341
575.0 11.0 0.025910127908
575.0 12.0 0.0239873416722
575.0 13.0 0.0229964256287
575.0 14.0 0.022724609822
575.0 15.0 0.0230268463492
575.0 16.0 0.0237961318344
575.0 17.0 0.0249546263367
575.0 18.0 0.0264513324946
575.0 19.0 0.0282469578087
575.0 20.0 0.0303112715483
575.0 21.0 0.0326205119491
575.0 22.0 0.0351477228105
575.0 23.0 0.0378996878862
575.0 24.0 0.0408592224121
575.0 25.0 0.0440125130117
575.0 26.0 0.0473534762859
575.0 27.0 0.0508712120354
575.0 28.0 0.0545628033578
575.0 29.0 0.0584221221507
575.0 30.0 0.0624467730522
575.0 31.0 0.066633246839
575.0 32.0 0.0709801986814
575.0 33.0 0.0754855945706
575.0 34.0 0.0801473259926
575.0 35.0 0.0849640071392
575.0 36.0 0.0899337306619
575.0 37.0 0.0950567349792
575.0 38.0 0.100331373513
575.0 39.0 0.105757817626
575.0 40.0 0.111335262656
580.0 1.0 2.02930474281
580.0 2.0 0.593471169472
580.0 3.0 0.272998422384
580.0 4.0 0.154741168022
580.0 5.0 0.0990094467998
580.0 6.0 0.068787381053
580.0 7.0 0.0508569888771
580.0 8.0 0.0396157614887
580.0 9.0 0.0323341041803
580.0 10.0 0.0265838243067
580.0 11.0 0.0245090704411
580.0 12.0 0.0226524230093
580.0 13.0 0.0216868408024
580.0 14.0 0.021409003064
580.0 15.0 0.0216803345829
580.0 16.0 0.0223957318813
580.0 17.0 0.0234822724015
580.0 18.0 0.0248922575265
580.0 19.0 0.0265874788165
580.0 20.0 0.0285385642201
580.0 21.0 0.0307209696621
580.0 22.0 0.0331119038165
580.0 23.0 0.0357206016779
580.0 24.0 0.0385224595666
580.0 25.0 0.0415096953511
580.0 26.0 0.0446735806763
580.0 27.0 0.0480060987175
580.0 28.0 0.0515030920506
580.0 29.0 0.0551603399217
580.0 30.0 0.0589732415974
580.0 31.0 0.0629410594702
580.0 32.0 0.0670609772205
580.0 33.0 0.0713307112455
580.0 34.0 0.0757495164871
580.0 35.0 0.0803143829107
580.0 36.0 0.0850260779262
580.0 37.0 0.0898827314377
580.0 38.0 0.0948829725385
580.0 39.0 0.100027173758
580.0 40.0 0.105313539505
585.0 1.0 1.9488658905
585.0 2.0 0.56870251894
585.0 3.0 0.261337310076
585.0 4.0 0.148004099727
585.0 5.0 0.0946064591408
585.0 6.0 0.065651036799
585.0 7.0 0.0484698563814
585.0 8.0 0.0376937799156
585.0 9.0 0.0307104960084
585.0 10.0 0.02613738738
585.0 11.0 0.0231930613518
585.0 12.0 0.0214005559683
585.0 13.0 0.0204606484622
585.0 14.0 0.0201788246632
585.0 15.0 0.020421076566
585.0 16.0 0.0210861507803
585.0 17.0 0.0221061632037
585.0 18.0 0.0234355032444
585.0 19.0 0.0250365175307
585.0 20.0 0.0268813967705
585.0 21.0 0.0289422962815
585.0 22.0 0.0312101710588
585.0 23.0 0.0336819328368
585.0 24.0 0.0363358147442
585.0 25.0 0.0391669608653
585.0 26.0 0.0421635136008
585.0 27.0 0.0453216992319
585.0 28.0 0.0486351549625
585.0 29.0 0.0521013401449
585.0 30.0 0.0557156838477
585.0 31.0 0.0594774074852
585.0 32.0 0.0633833035827
585.0 33.0 0.0674317330122
585.0 34.0 0.0716217905283
585.0 35.0 0.0759506076574
585.0 36.0 0.0804188400507
585.0 37.0 0.085024677217
585.0 38.0 0.0897666066885
585.0 39.0 0.0946449637413
585.0 40.0 0.0996588841081
590.0 1.0 1.87185060978
590.0 2.0 0.545060753822
590.0 3.0 0.250223308802
590.0 4.0 0.141590848565
590.0 5.0 0.090420819819
590.0 6.0 0.0626744404435
590.0 7.0 0.0462083928287
590.0 8.0 0.0358773581684
590.0 9.0 0.0291785225272
590.0 10.0 0.0238776933402
590.0 11.0 0.0219563990831
590.0 12.0 0.020226098597
590.0 13.0 0.0193119440228
590.0 14.0 0.0190273486078
590.0 15.0 0.0192431118339
590.0 16.0 0.0198611244559
590.0 17.0 0.0208198036999
590.0 18.0 0.0220735054463
590.0 19.0 0.0235861297697
590.0 20.0 0.0253299549222
590.0 21.0 0.0272765792906
590.0 22.0 0.0294310376048
590.0 23.0 0.0317722149193
590.0 24.0 0.0342884175479
590.0 25.0 0.0369715355337
590.0 26.0 0.0398120693862
590.0 27.0 0.0428059436381
590.0 28.0 0.0459474995732
590.0 29.0 0.04923325032
590.0 30.0 0.052660074085
590.0 31.0 0.0562271550298
590.0 32.0 0.0599314421415
590.0 33.0 0.0637712553144
590.0 34.0 0.0677455440164
590.0 35.0 0.0718525201082
590.0 36.0 0.0760915577412
590.0 37.0 0.0804606825113
590.0 38.0 0.0849597379565
590.0 39.0 0.089588932693
590.0 40.0 0.0943472757936
595.0 1.0 1.79808950424
595.0 2.0 0.522494077682
595.0 3.0 0.239629000425
595.0 4.0 0.135484561324
595.0 5.0 0.0864425003529
595.0 6.0 0.0598484687507
595.0 7.0 0.0440655276179
595.0 8.0 0.0341597646475
595.0 9.0 0.0277330465615
595.0 10.0 0.0235184170306
595.0 11.0 0.0207937862724
595.0 12.0 0.0191238280386
595.0 13.0 0.0182348396629
595.0 14.0 0.0179490204901
595.0 15.0 0.0181404352188
595.0 16.0 0.0187151245773
595.0 17.0 0.0196168068796
595.0 18.0 0.0207994244993
595.0 19.0 0.0222281999886
595.0 20.0 0.0238751564175
595.0 21.0 0.0257203672081
595.0 22.0 0.0277634952217
595.0 23.0 0.0299823321402
595.0 24.0 0.0323691144586
595.0 25.0 0.034912712872
595.0 26.0 0.0376069396734
595.0 27.0 0.0404460690916
595.0 28.0 0.0434259958565
595.0 29.0 0.0465423762798
595.0 30.0 0.0497934110463
595.0 31.0 0.0531771667302
595.0 32.0 0.0566910915077
595.0 33.0 0.0603340007365
595.0 34.0 0.0641053691506
595.0 35.0 0.068002730608
595.0 36.0 0.0720254257321
595.0 37.0 0.0761719495058
595.0 38.0 0.0804432332516
595.0 39.0 0.0848370492458
595.0 40.0 0.0893539339304
