mA tanb xsec_gg_H180.0 1.0 17.76628685
180.0 1.2 16.2192344666
180.0 1.4 15.8036556244
180.0 1.6 14.6630058289
180.0 1.8 14.282579422
180.0 2.0 13.148645401
180.0 2.2 12.4165487289
180.0 2.4 11.7173709869
180.0 2.6 11.3833990097
180.0 2.8 10.7503652573
180.0 3.0 9.89288520813
180.0 3.2 9.38358211517
180.0 3.4 8.92105102539
180.0 3.6 8.70740795135
180.0 3.8 8.3150434494
180.0 4.0 7.80731678009
180.0 4.2 7.65768909454
180.0 4.4 7.26212406158
180.0 4.6 7.14700603485
180.0 4.8 6.84716653824
180.0 5.0 6.68192434311
180.0 5.2 6.60898113251
180.0 5.4 6.42521953583
180.0 5.6 6.37495803833
180.0 5.8 6.25394916534
180.0 6.0 6.19653081894
180.0 6.2 6.19653081894
180.0 6.4 6.18650137145
180.0 6.6 6.17045425547
180.0 6.8 6.15440713948
180.0 7.0 6.1383600235
180.0 7.2 6.18710231781
180.0 7.4 6.23584461212
180.0 7.6 6.28458690643
180.0 7.8 6.33332920074
180.0 8.0 6.38207149506
180.0 8.2 6.47642803192
180.0 8.4 6.57078456879
180.0 8.6 6.66514110565
180.0 8.8 6.75949764252
185.0 1.0 17.7134037018
185.0 1.2 16.14610672
185.0 1.4 15.5898675919
185.0 1.6 14.1068305969
185.0 1.8 13.6432552338
185.0 2.0 12.3316192627
185.0 2.2 11.5277929306
185.0 2.4 10.783914566
185.0 2.6 10.4359350204
185.0 2.8 9.78658866882
185.0 3.0 8.92632293701
185.0 3.2 8.42504119873
185.0 3.4 7.97687292099
185.0 3.6 7.77106761932
185.0 3.8 7.3956284523
185.0 4.0 6.91456747055
185.0 4.2 6.77388906479
185.0 4.4 6.4041056633
185.0 4.6 6.29687213898
185.0 4.8 6.01875734329
185.0 5.0 5.86627817154
185.0 5.2 5.79893064499
185.0 5.4 5.62962245941
185.0 5.6 5.58329629898
185.0 5.8 5.47170066833
185.0 6.0 5.41817378998
185.0 6.2 5.41817378998
185.0 6.4 5.407796498
185.0 6.6 5.39119283084
185.0 6.8 5.37458916368
185.0 7.0 5.35798549652
185.0 7.2 5.39970054626
185.0 7.4 5.44141559601
185.0 7.6 5.48313064575
185.0 7.8 5.5248456955
185.0 8.0 5.56656074524
185.0 8.2 5.64844703674
185.0 8.4 5.73033332825
185.0 8.6 5.81221961975
185.0 8.8 5.89410591125
190.0 1.0 17.6887264252
190.0 1.2 15.9548492432
190.0 1.4 15.2734479904
190.0 1.6 13.5122337341
190.0 1.8 12.9854593277
190.0 2.0 11.5474014282
190.0 2.2 10.698638916
190.0 2.4 9.93203735352
190.0 2.6 9.57902622223
190.0 2.8 8.92844963074
190.0 3.0 8.08187580109
190.0 3.2 7.59506845474
190.0 3.4 7.16584777832
190.0 3.6 6.96973466873
190.0 3.8 6.61372995377
190.0 4.0 6.16083812714
190.0 4.2 6.02927684784
190.0 4.4 5.68509292603
190.0 4.6 5.58574438095
190.0 4.8 5.32844400406
190.0 5.0 5.18775510788
190.0 5.2 5.12575626373
190.0 5.4 4.96989965439
190.0 5.6 4.92723608017
190.0 5.8 4.82411193848
190.0 6.0 4.77440071106
190.0 6.2 4.77440071106
190.0 6.4 4.76375178633
190.0 6.6 4.74671350676
190.0 6.8 4.7296752272
190.0 7.0 4.71263694763
190.0 7.2 4.74824581146
190.0 7.4 4.78385467529
190.0 7.6 4.81946353912
190.0 7.8 4.85507240295
190.0 8.0 4.89068126678
190.0 8.2 4.9618021965
190.0 8.4 5.03292312622
190.0 8.6 5.10404405594
190.0 8.8 5.17516498566
195.0 1.0 17.6108760834
195.0 1.2 15.6765365601
195.0 1.4 14.8881912231
195.0 1.6 12.9057149887
195.0 1.8 12.3320074081
195.0 2.0 10.8082532883
195.0 2.2 9.93458271027
195.0 2.4 9.16076755524
195.0 2.6 8.80840492249
195.0 2.8 8.16705608368
195.0 3.0 7.34356307983
195.0 3.2 6.87590551376
195.0 3.4 6.46642065048
195.0 3.6 6.28132772446
195.0 3.8 5.94538211823
195.0 4.0 5.52019309998
195.0 4.2 5.39725923538
195.0 4.4 5.07705307007
195.0 4.6 4.98488616943
195.0 4.8 4.74675512314
195.0 5.0 4.61665630341
195.0 5.2 4.55936336517
195.0 5.4 4.41531610489
195.0 5.6 4.37582921982
195.0 5.8 4.28007507324
195.0 6.0 4.23355293274
195.0 6.2 4.23355293274
195.0 6.4 4.22251555015
195.0 6.6 4.20485573802
195.0 6.8 4.18719592588
195.0 7.0 4.16953611374
195.0 7.2 4.19971637726
195.0 7.4 4.22989664078
195.0 7.6 4.2600769043
195.0 7.8 4.29025716782
195.0 8.0 4.32043743134
195.0 8.2 4.38211708069
195.0 8.4 4.44379673004
195.0 8.6 4.50547637939
195.0 8.8 4.56715602875
200.0 1.0 17.4679927826
200.0 1.2 15.3372011185
200.0 1.4 14.4599761963
200.0 1.6 12.3050279617
200.0 1.8 11.6977701187
200.0 2.0 10.1196432114
200.0 2.2 9.23585414886
200.0 2.4 8.465716362
200.0 2.6 8.11815166473
200.0 2.8 7.49121618271
200.0 3.0 6.69705629349
200.0 3.2 6.25064229965
200.0 3.4 5.86135864258
200.0 3.6 5.68648862839
200.0 3.8 5.37089586258
200.0 4.0 4.9724521637
200.0 4.2 4.85746717453
200.0 4.4 4.55913734436
200.0 4.6 4.47354078293
200.0 4.8 4.25258827209
200.0 5.0 4.13193750381
200.0 5.2 4.07875490189
200.0 5.4 3.9448928833
200.0 5.6 3.90809988976
200.0 5.8 3.81862640381
200.0 6.0 3.77477121353
200.0 6.2 3.77477121353
200.0 6.4 3.76330336209
200.0 6.6 3.74495479978
200.0 6.8 3.72660623748
200.0 7.0 3.70825767517
200.0 7.2 3.73357796669
200.0 7.4 3.75889825821
200.0 7.6 3.78421854973
200.0 7.8 3.80953884125
200.0 8.0 3.83485913277
200.0 8.2 3.88829622269
200.0 8.4 3.94173331261
200.0 8.6 3.99517040253
200.0 8.8 4.04860749245
205.0 1.0 17.2669239044
205.0 1.2 14.9578332901
205.0 1.4 14.0079526901
205.0 1.6 11.7217435837
205.0 1.8 11.0915050507
205.0 2.0 9.48317813873
205.0 2.2 8.60033035278
205.0 2.4 7.84083843231
205.0 2.6 7.50095272064
205.0 2.8 6.89253664017
205.0 3.0 6.12985706329
205.0 3.2 5.70489835739
205.0 3.4 5.33609867096
205.0 3.6 5.17071962357
205.0 3.8 4.8742313385
205.0 4.0 4.50085449219
205.0 4.2 4.39335489273
205.0 4.4 4.11465978622
205.0 4.6 4.03496217728
205.0 4.8 3.82948422432
205.0 5.0 3.71729874611
205.0 5.2 3.66781520844
205.0 5.4 3.54294586182
205.0 5.6 3.50854444504
205.0 5.8 3.42444586754
205.0 6.0 3.38283491135
205.0 6.2 3.38283491135
205.0 6.4 3.37090374684
205.0 6.6 3.35181388362
205.0 6.8 3.3327240204
205.0 7.0 3.31363415718
205.0 7.2 3.3346596241
205.0 7.4 3.35568509102
205.0 7.6 3.37671055794
205.0 7.8 3.39773602486
205.0 8.0 3.41876149178
205.0 8.2 3.46494626999
205.0 8.4 3.5111310482
205.0 8.6 3.55731582642
205.0 8.8 3.60350060463
210.0 1.0 17.0196285248
210.0 1.2 14.5548429489
210.0 1.4 13.5464782715
210.0 1.6 11.1629724503
210.0 1.8 10.5181331635
210.0 2.0 8.89785575867
210.0 2.2 8.02370357513
210.0 2.4 7.27937889099
210.0 2.6 6.9488363266
210.0 2.8 6.36109256744
210.0 3.0 5.63074016571
210.0 3.2 5.22669839859
210.0 3.4 4.87785863876
210.0 3.6 4.72174692154
210.0 3.8 4.44225168228
210.0 4.0 4.09266042709
210.0 4.2 3.99198436737
210.0 4.4 3.73123764992
210.0 4.6 3.65664601326
210.0 4.8 3.46475982666
210.0 5.0 3.36002492905
210.0 5.2 3.31378912926
210.0 5.4 3.1969575882
210.0 5.6 3.16463899612
210.0 5.8 3.08519864082
210.0 6.0 3.04554343224
210.0 6.2 3.04554343224
210.0 6.4 3.03317020679
210.0 6.6 3.01337304609
210.0 6.8 2.99357588538
210.0 7.0 2.97377872467
210.0 7.2 2.99103050232
210.0 7.4 3.00828227997
210.0 7.6 3.02553405762
210.0 7.8 3.04278583527
210.0 8.0 3.06003761292
210.0 8.2 3.09990067482
210.0 8.4 3.13976373672
210.0 8.6 3.17962679863
210.0 8.8 3.21948986053
215.0 1.0 16.7384376526
215.0 1.2 14.1407632828
215.0 1.4 13.0860433578
215.0 1.6 10.6327953339
215.0 1.8 9.98000812531
215.0 2.0 8.36113166809
215.0 2.2 7.50069761276
215.0 2.4 6.77511835098
215.0 2.6 6.45496368408
215.0 2.8 5.88815402985
215.0 3.0 5.19007015228
215.0 3.2 4.80633449554
215.0 3.4 4.47628641129
215.0 3.6 4.32894420624
215.0 3.8 4.06541061401
215.0 4.0 3.7374162674
215.0 4.2 3.64295649529
215.0 4.4 3.39848661423
215.0 4.6 3.32859897614
215.0 4.8 3.14860367775
215.0 5.0 3.05042934418
215.0 5.2 3.00709533691
215.0 5.4 2.8972928524
215.0 5.6 2.86683964729
215.0 5.8 2.79162311554
215.0 6.0 2.75360035896
215.0 6.2 2.75360035896
215.0 6.4 2.7408327152
215.0 6.6 2.72040448518
215.0 6.8 2.69997625515
215.0 7.0 2.67954802513
215.0 7.2 2.69347543716
215.0 7.4 2.7074028492
215.0 7.6 2.72133026123
215.0 7.8 2.73525767326
215.0 8.0 2.7491850853
215.0 8.2 2.78356237411
215.0 8.4 2.81793966293
215.0 8.6 2.85231695175
215.0 8.8 2.88669424057
220.0 1.0 16.4345111847
220.0 1.2 13.7250003815
220.0 1.4 12.6341505051
220.0 1.6 10.133348465
220.0 1.8 9.47759342194
220.0 2.0 7.87018156052
220.0 2.2 7.0267791748
220.0 2.4 6.32205963135
220.0 2.6 6.01265144348
220.0 2.8 5.46701669693
220.0 3.0 4.79998540878
220.0 3.2 4.43543577194
220.0 3.4 4.12297058105
220.0 3.6 3.98367190361
220.0 3.8 3.73520898819
220.0 4.0 3.42641758919
220.0 4.2 3.337859869
220.0 4.4 3.1083176136
220.0 4.6 3.04264760017
220.0 4.8 2.87344455719
220.0 5.0 2.78094911575
220.0 5.2 2.74005937576
220.0 5.4 2.6364095211
220.0 5.6 2.60756254196
220.0 5.8 2.53605294228
220.0 6.0 2.4995970726
220.0 6.2 2.4995970726
220.0 6.4 2.48646978674
220.0 6.6 2.46546612937
220.0 6.8 2.44446247199
220.0 7.0 2.42345881462
220.0 7.2 2.43449940681
220.0 7.4 2.44553999901
220.0 7.6 2.4565805912
220.0 7.8 2.4676211834
220.0 8.0 2.47866177559
220.0 8.2 2.50826563835
220.0 8.4 2.53786950111
220.0 8.6 2.56747336388
220.0 8.8 2.59707722664
225.0 1.0 16.1173820496
225.0 1.2 13.3145360947
225.0 1.4 12.1960144043
225.0 1.6 9.66539287567
225.0 1.8 9.01037216187
225.0 2.0 7.42158126831
225.0 2.2 6.5976524353
225.0 2.4 5.91402101517
225.0 2.6 5.61559963226
225.0 2.8 5.09125518799
225.0 3.0 4.45365047455
225.0 3.2 4.10717201233
225.0 3.4 3.81096529961
225.0 3.6 3.67917990685
225.0 3.8 3.44436812401
225.0 4.0 3.15309071541
225.0 4.2 3.06974291801
225.0 4.4 2.8539390564
225.0 4.6 2.79207062721
225.0 4.8 2.63250803947
225.0 5.0 2.54522395134
225.0 5.2 2.50657248497
225.0 5.4 2.40827226639
225.0 5.6 2.38083529472
225.0 5.8 2.31251740456
225.0 6.0 2.27739691734
225.0 6.2 2.27739691734
225.0 6.4 2.26400330149
225.0 6.6 2.24257351612
225.0 6.8 2.22114373076
225.0 7.0 2.19971394539
225.0 7.2 2.208228302
225.0 7.4 2.21674265862
225.0 7.6 2.22525701523
225.0 7.8 2.23377137184
225.0 8.0 2.24228572845
225.0 8.2 2.26774392128
225.0 8.4 2.29320211411
225.0 8.6 2.31866030693
225.0 8.8 2.34411849976
230.0 1.0 15.794965744
230.0 1.2 12.9145078659
230.0 1.4 11.7753458023
230.0 1.6 9.22861099243
230.0 1.8 8.57709026337
230.0 2.0 7.01176309586
230.0 2.2 6.2086558342
230.0 2.4 5.54630041122
230.0 2.6 5.25870275497
230.0 2.8 4.75486326218
230.0 3.0 4.14546298981
230.0 3.2 3.81580114365
230.0 3.4 3.53470849991
230.0 3.6 3.40984320641
230.0 3.8 3.18734741211
230.0 4.0 2.91204595566
230.0 4.2 2.8333799839
230.0 4.4 2.62979698181
230.0 4.6 2.57149457932
230.0 4.8 2.42073154449
230.0 5.0 2.33804678917
230.0 5.2 2.30140542984
230.0 5.4 2.20801138878
230.0 5.6 2.18184113503
230.0 5.8 2.11633443832
230.0 6.0 2.08238005638
230.0 6.2 2.08238005638
230.0 6.4 2.06876989069
230.0 6.6 2.04699362558
230.0 6.8 2.02521736046
230.0 7.0 2.00344109535
230.0 7.2 2.00977592468
230.0 7.4 2.01611075401
230.0 7.6 2.02244558334
230.0 7.8 2.02878041267
230.0 8.0 2.035115242
230.0 8.2 2.05692443848
230.0 8.4 2.07873363495
230.0 8.6 2.10054283142
230.0 8.8 2.12235202789
235.0 1.0 15.4737987518
235.0 1.2 12.5287485123
235.0 1.4 11.3743419647
235.0 1.6 8.82201862335
235.0 1.8 8.17619514465
235.0 2.0 6.63747930527
235.0 2.2 5.85562038422
235.0 2.4 5.2143702507
235.0 2.6 4.93710374832
235.0 2.8 4.45312833786
235.0 3.0 3.87025213242
235.0 3.2 3.55613660812
235.0 3.4 3.28892683983
235.0 3.6 3.17065811157
235.0 3.8 2.95966720581
235.0 4.0 2.69859647751
235.0 4.2 2.62410783768
235.0 4.4 2.43161940575
235.0 4.6 2.37644910812
235.0 4.8 2.23376941681
235.0 5.0 2.15529203415
235.0 5.2 2.12044501305
235.0 5.4 2.03141832352
235.0 5.6 2.00640749931
235.0 5.8 1.94350266457
235.0 6.0 1.91059398651
235.0 6.2 1.91059398651
235.0 6.4 1.89679072232
235.0 6.6 1.87470549962
235.0 6.8 1.85262027691
235.0 7.0 1.83053505421
235.0 7.2 1.8349861145
235.0 7.4 1.8394371748
235.0 7.6 1.84388823509
235.0 7.8 1.84833929539
235.0 8.0 1.85279035568
235.0 8.2 1.87141878605
235.0 8.4 1.89004721642
235.0 8.6 1.90867564678
235.0 8.8 1.92730407715
240.0 1.0 15.1592197418
240.0 1.2 12.1601305008
240.0 1.4 10.9945077896
240.0 1.6 8.44457817078
240.0 1.8 7.80580663681
240.0 2.0 6.29568767548
240.0 2.2 5.53506422043
240.0 2.4 4.91483163834
240.0 2.6 4.64708805084
240.0 2.8 4.18191194534
240.0 3.0 3.62367868423
240.0 3.2 3.32395029068
240.0 3.4 3.06951665878
240.0 3.6 2.95697689056
240.0 3.8 2.75721001625
240.0 4.0 2.50903463364
240.0 4.2 2.43823552132
240.0 4.4 2.25568294525
240.0 4.6 2.20339155197
240.0 4.8 2.06805729866
240.0 5.0 1.99342429638
240.0 5.2 1.96021270752
240.0 5.4 1.87517726421
240.0 5.6 1.85119128227
240.0 5.8 1.79059934616
240.0 6.0 1.75868141651
240.0 6.2 1.75868141651
240.0 6.4 1.74473150434
240.0 6.6 1.72241164487
240.0 6.8 1.7000917854
240.0 7.0 1.67777192593
240.0 7.2 1.68057711124
240.0 7.4 1.68338229656
240.0 7.6 1.68618748188
240.0 7.8 1.6889926672
240.0 8.0 1.69179785252
240.0 8.2 1.70767002106
240.0 8.4 1.7235421896
240.0 8.6 1.73941435814
240.0 8.8 1.75528652668
245.0 1.0 14.8556985855
245.0 1.2 11.8103780746
245.0 1.4 10.6368274689
245.0 1.6 8.09503555298
245.0 1.8 7.46429300308
245.0 2.0 5.98351192474
245.0 2.2 5.24387788773
245.0 2.4 4.64374256134
245.0 2.6 4.38540935516
245.0 2.8 3.93768548965
245.0 3.0 3.40237402916
245.0 3.2 3.1160492897
245.0 3.4 2.87334060669
245.0 3.6 2.76607680321
245.0 3.8 2.5757291317
245.0 4.0 2.34046721458
245.0 4.2 2.27304506302
245.0 4.4 2.09900283813
245.0 4.6 2.04931378365
245.0 4.8 1.92066395283
245.0 5.0 1.84961545467
245.0 5.2 1.81791257858
245.0 5.4 1.73644196987
245.0 5.6 1.71340918541
245.0 5.8 1.65497589111
245.0 6.0 1.62392127514
245.0 6.2 1.62392127514
245.0 6.4 1.60985840189
245.0 6.6 1.58735780469
245.0 6.8 1.5648572075
245.0 7.0 1.5423566103
245.0 7.2 1.54372055531
245.0 7.4 1.54508450031
245.0 7.6 1.54644844532
245.0 7.8 1.54781239033
245.0 8.0 1.54917633533
245.0 8.2 1.56262705326
245.0 8.4 1.57607777119
245.0 8.6 1.58952848911
245.0 8.8 1.60297920704
250.0 1.0 14.5669326782
250.0 1.2 11.4808492661
250.0 1.4 10.3019752502
250.0 1.6 7.7719836235
250.0 1.8 7.14981889725
250.0 2.0 5.69839143753
250.0 2.2 4.97910261154
250.0 2.4 4.39801454544
250.0 2.6 4.1488442421
250.0 2.8 3.71720337868
250.0 3.0 3.20362186432
250.0 3.2 2.92948651314
250.0 3.4 2.69762539864
250.0 3.6 2.59512591362
250.0 3.8 2.41334867477
250.0 4.0 2.18925619125
250.0 4.2 2.1253695488
250.0 4.4 1.95947670937
250.0 4.6 1.91194975376
250.0 4.8 1.78906369209
250.0 5.0 1.72126829624
250.0 5.2 1.69101417065
250.0 5.4 1.61295378208
250.0 5.6 1.59077775478
250.0 5.8 1.53427457809
250.0 6.0 1.5040872097
250.0 6.2 1.5040872097
250.0 6.4 1.48994080774
250.0 6.6 1.46730656459
250.0 6.8 1.44467232145
250.0 7.0 1.42203807831
250.0 7.2 1.42212629318
250.0 7.4 1.42221450806
250.0 7.6 1.42230272293
250.0 7.8 1.42239093781
250.0 8.0 1.42247915268
250.0 8.2 1.43379025459
250.0 8.4 1.44510135651
250.0 8.6 1.45641245842
250.0 8.8 1.46772356033
255.0 1.0 14.2964706421
255.0 1.2 11.1726522446
255.0 1.4 9.98985671997
255.0 1.6 7.47390794754
255.0 1.8 6.86069440842
255.0 2.0 5.43819379807
255.0 2.2 4.73815870285
255.0 2.4 4.17511558533
255.0 2.6 3.93435549736
255.0 2.8 3.51823806763
255.0 3.0 3.02428841591
255.0 3.2 2.76139473915
255.0 3.4 2.53992819786
255.0 3.6 2.4418399334
255.0 3.8 2.26781535149
255.0 4.0 2.05356860161
255.0 4.2 1.99250531197
255.0 4.4 1.83469855785
255.0 4.6 1.78934526443
255.0 4.8 1.67161607742
255.0 5.0 1.6065890789
255.0 5.2 1.57754969597
255.0 5.4 1.50257110596
255.0 5.6 1.48119843006
255.0 5.8 1.42657780647
255.0 6.0 1.39715695381
255.0 6.2 1.39715695381
255.0 6.4 1.38296862306
255.0 6.6 1.36026729386
255.0 6.8 1.33756596467
255.0 7.0 1.31486463547
255.0 7.2 1.31384632587
255.0 7.4 1.31282801628
255.0 7.6 1.31180970669
255.0 7.8 1.31079139709
255.0 8.0 1.3097730875
255.0 8.2 1.31917629242
255.0 8.4 1.32857949734
255.0 8.6 1.33798270226
255.0 8.8 1.34738590717
260.0 1.0 14.0473270416
260.0 1.2 10.8865833282
260.0 1.4 9.70059299469
260.0 1.6 7.19958353043
260.0 1.8 6.59516000748
260.0 2.0 5.20091962814
260.0 2.2 4.51889562607
260.0 2.4 3.97290611267
260.0 2.6 3.73994517326
260.0 2.8 3.33834385872
260.0 3.0 2.86280345917
260.0 3.2 2.61009478569
260.0 3.4 2.39750361443
260.0 3.6 2.30392050743
260.0 3.8 2.13724017143
260.0 4.0 1.93178296089
260.0 4.2 1.87331974506
260.0 4.4 1.72219347954
260.0 4.6 1.67886507511
260.0 4.8 1.56648778915
260.0 5.0 1.50400340557
260.0 5.2 1.47606348991
260.0 5.4 1.40379321575
260.0 5.6 1.38312911987
260.0 5.8 1.33014655113
260.0 6.0 1.30146968365
260.0 6.2 1.30146968365
260.0 6.4 1.28727724223
260.0 6.6 1.26456933597
260.0 6.8 1.24186142971
260.0 7.0 1.21915352345
260.0 7.2 1.21716387272
260.0 7.4 1.21517422199
260.0 7.6 1.21318457127
260.0 7.8 1.21119492054
260.0 8.0 1.20920526981
260.0 8.2 1.21693696976
260.0 8.4 1.2246686697
260.0 8.6 1.23240036964
260.0 8.8 1.24013206959
265.0 1.0 13.8227958679
265.0 1.2 10.6234207153
265.0 1.4 9.43428039551
265.0 1.6 6.94792366028
265.0 1.8 6.35186576843
265.0 2.0 4.98453187943
265.0 2.2 4.31950902939
265.0 2.4 3.78944039345
265.0 2.6 3.56372213364
265.0 2.8 3.17544221878
265.0 3.0 2.71653819084
265.0 3.2 2.47359108925
265.0 3.4 2.26899647713
265.0 3.6 2.17904496193
265.0 3.8 2.01965761185
265.0 4.0 1.82228147984
265.0 4.2 1.76613306999
265.0 4.4 1.6210975647
265.0 4.6 1.57949638367
265.0 4.8 1.4715385437
265.0 5.0 1.4116922617
265.0 5.2 1.38487482071
265.0 5.4 1.31513214111
265.0 5.6 1.29513061047
265.0 5.8 1.24367117882
265.0 6.0 1.21567988396
265.0 6.2 1.21567988396
265.0 6.4 1.20149334135
265.0 6.6 1.17879487317
265.0 6.8 1.156096405
265.0 7.0 1.13339793682
265.0 7.2 1.13057301044
265.0 7.4 1.12774808407
265.0 7.6 1.12492315769
265.0 7.8 1.12209823132
265.0 8.0 1.11927330494
265.0 8.2 1.1255358696
265.0 8.4 1.13179843426
265.0 8.6 1.13806099892
265.0 8.8 1.14432356358
270.0 1.0 13.6266231537
270.0 1.2 10.383893013
270.0 1.4 9.1909828186
270.0 1.6 6.71780157089
270.0 1.8 6.12958574295
270.0 2.0 4.78738737106
270.0 2.2 4.13827228546
270.0 2.4 3.62289810181
270.0 2.6 3.4039850235
270.0 2.8 3.02795767784
270.0 3.0 2.5846517086
270.0 3.2 2.35042643547
270.0 3.4 2.15332698822
270.0 3.6 2.0665409565
270.0 3.8 1.91326487064
270.0 4.0 1.7238817215
270.0 4.2 1.66974890232
270.0 4.4 1.53014194965
270.0 4.6 1.49013197422
270.0 4.8 1.38613092899
270.0 5.0 1.32843077183
270.0 5.2 1.30256640911
270.0 5.4 1.2353566885
270.0 5.6 1.21600663662
270.0 5.8 1.16594994068
270.0 6.0 1.13855159283
270.0 6.2 1.13855159283
270.0 6.4 1.12439281776
270.0 6.6 1.10173877765
270.0 6.8 1.07908473755
270.0 7.0 1.05643069744
270.0 7.2 1.05287086964
270.0 7.4 1.04931104183
270.0 7.6 1.04575121403
270.0 7.8 1.04219138622
270.0 8.0 1.03863155842
270.0 8.2 1.04359564781
270.0 8.4 1.04855973721
270.0 8.6 1.0535238266
270.0 8.8 1.05848791599
275.0 1.0 13.4639186859
275.0 1.2 10.1692247391
275.0 1.4 8.97092342377
275.0 1.6 6.50842428207
275.0 1.8 5.92720031738
275.0 2.0 4.6081943512
275.0 2.2 3.97375297546
275.0 2.4 3.471814394
275.0 2.6 3.25910186768
275.0 2.8 2.89439415932
275.0 3.0 2.46535873413
275.0 3.2 2.23881435394
275.0 3.4 2.0490064621
275.0 3.6 1.96524226665
275.0 3.8 1.81706380844
275.0 4.0 1.63508629799
275.0 4.2 1.58297502995
275.0 4.4 1.44817042351
275.0 4.6 1.40957486629
275.0 4.8 1.30928301811
275.0 5.0 1.25346064568
275.0 5.2 1.22845566273
275.0 5.4 1.16339111328
275.0 5.6 1.14465236664
275.0 5.8 1.0960367918
275.0 6.0 1.06922459602
275.0 6.2 1.06922459602
275.0 6.4 1.05509210866
275.0 6.6 1.03248012888
275.0 6.8 1.0098681491
275.0 7.0 0.987256169319
275.0 7.2 0.98304309845
275.0 7.4 0.97883002758
275.0 7.6 0.974616956711
275.0 7.8 0.970403885841
275.0 8.0 0.966190814972
275.0 8.2 0.970016014576
275.0 8.4 0.97384121418
275.0 8.6 0.977666413784
275.0 8.8 0.981491613388
280.0 1.0 13.3412847519
280.0 1.2 9.9808473587
280.0 1.4 8.77468585968
280.0 1.6 6.31904935837
280.0 1.8 5.74400520325
280.0 2.0 4.44578552246
280.0 2.2 3.82475113869
280.0 2.4 3.33501935005
280.0 2.6 3.12796711922
280.0 2.8 2.77352523804
280.0 3.0 2.35749554634
280.0 3.2 2.13818979263
280.0 3.4 1.95455992222
280.0 3.6 1.87383711338
280.0 3.8 1.73064386845
280.0 4.0 1.55464756489
280.0 4.2 1.50459182262
280.0 4.4 1.37437963486
280.0 4.6 1.33700025082
280.0 4.8 1.23999667168
280.0 5.0 1.18597447872
280.0 5.2 1.16170144081
280.0 5.4 1.09852945805
280.0 5.6 1.08032989502
280.0 5.8 1.03295838833
280.0 6.0 1.00677859783
280.0 6.2 1.00677859783
280.0 6.4 0.992674319909
280.0 6.6 0.970107475231
280.0 6.8 0.947540630554
280.0 7.0 0.924973785877
280.0 7.2 0.920195221901
280.0 7.4 0.915416657925
280.0 7.6 0.910638093948
280.0 7.8 0.905859529972
280.0 8.0 0.901080965996
280.0 8.2 0.9038885355
280.0 8.4 0.906696105003
280.0 8.6 0.909503674507
280.0 8.8 0.912311244011
285.0 1.0 13.2690382004
285.0 1.2 9.82094955444
285.0 1.4 8.60333251953
285.0 1.6 6.14922809601
285.0 1.8 5.57929754257
285.0 2.0 4.29928016663
285.0 2.2 3.69024729729
285.0 2.4 3.21140384674
285.0 2.6 3.00954008102
285.0 2.8 2.66440343857
285.0 3.0 2.2601108551
285.0 3.2 2.04731035233
285.0 3.4 1.86921787262
285.0 3.6 1.79107093811
285.0 3.8 1.65258789062
285.0 4.0 1.48202645779
285.0 4.2 1.43348312378
285.0 4.4 1.30782032013
285.0 4.6 1.27160274982
285.0 4.8 1.17747664452
285.0 5.0 1.12508571148
285.0 5.2 1.10152804852
285.0 5.4 1.04002535343
285.0 5.6 1.02228093147
285.0 5.8 0.976047456264
285.0 6.0 0.950372517109
285.0 6.2 0.950372517109
285.0 6.4 0.936328563197
285.0 6.6 0.913858236938
285.0 6.8 0.891387910678
285.0 7.0 0.868917584419
285.0 7.2 0.8636267066
285.0 7.4 0.858335828781
285.0 7.6 0.853044950962
285.0 7.8 0.847754073143
285.0 8.0 0.842463195324
285.0 8.2 0.844366490841
285.0 8.4 0.846269786358
285.0 8.6 0.848173081875
285.0 8.8 0.850076377392
290.0 1.0 13.2663955688
290.0 1.2 9.69285774231
290.0 1.4 8.45860481262
290.0 1.6 5.99884223938
290.0 1.8 5.4327044487
290.0 2.0 4.16798830032
290.0 2.2 3.5694668293
290.0 2.4 3.10027289391
290.0 2.6 2.90292811394
290.0 2.8 2.56615328789
290.0 3.0 2.17239689827
290.0 3.2 1.96544122696
290.0 3.4 1.79236972332
290.0 3.6 1.71646130085
290.0 3.8 1.58230602741
290.0 4.0 1.41681015491
290.0 4.2 1.36961090565
290.0 4.4 1.24770259857
290.0 4.6 1.21266448498
290.0 4.8 1.12114453316
290.0 5.0 1.07013988495
290.0 5.2 1.04721355438
290.0 5.4 0.987293362617
290.0 5.6 0.969949364662
290.0 5.8 0.92471164465
290.0 6.0 0.899506151676
290.0 6.2 0.899506151676
290.0 6.4 0.885525892521
290.0 6.6 0.863157477872
290.0 6.8 0.840789063223
290.0 7.0 0.818420648575
290.0 7.2 0.81267118454
290.0 7.4 0.806921720505
290.0 7.6 0.80117225647
290.0 7.8 0.795422792435
290.0 8.0 0.7896733284
290.0 8.2 0.790765917301
290.0 8.4 0.791858506203
290.0 8.6 0.792951095104
290.0 8.8 0.794043684006
295.0 1.0 13.3820619583
295.0 1.2 9.60235977173
295.0 1.4 8.34326648712
295.0 1.6 5.86827611923
295.0 1.8 5.30425930023
295.0 2.0 4.05142211914
295.0 2.2 3.46174097061
295.0 2.4 3.00092625618
295.0 2.6 2.80751180649
295.0 2.8 2.47812247276
295.0 3.0 2.0937256813
295.0 3.2 1.8920006752
295.0 3.4 1.72340548038
295.0 3.6 1.6494204998
295.0 3.8 1.5189166069
295.0 4.0 1.35808467865
295.0 4.2 1.31223130226
295.0 4.4 1.19353353977
295.0 4.6 1.15945315361
295.0 4.8 1.07046020031
295.0 5.0 1.02067279816
295.0 5.2 0.998271644115
295.0 5.4 0.939742922783
295.0 5.6 0.92277097702
295.0 5.8 0.878401517868
295.0 6.0 0.853616952896
295.0 6.2 0.853616952896
295.0 6.4 0.839690307091
295.0 6.6 0.817407673803
295.0 6.8 0.795125040515
295.0 7.0 0.772842407227
295.0 7.2 0.766687619686
295.0 7.4 0.760532832146
295.0 7.6 0.754378044605
295.0 7.8 0.748223257065
295.0 8.0 0.742068469524
295.0 8.2 0.742439222336
295.0 8.4 0.742809975147
295.0 8.6 0.743180727959
295.0 8.8 0.74355148077
300.0 1.0 13.813337326
300.0 1.2 9.55966758728
300.0 1.4 8.2624578476
300.0 1.6 5.75848913193
300.0 1.8 5.19447660446
300.0 2.0 3.94936513901
300.0 2.2 3.36671543121
300.0 2.4 2.91289806366
300.0 2.6 2.72288036346
300.0 2.8 2.39976811409
300.0 3.0 2.02360367775
300.0 3.2 1.8264311552
300.0 3.4 1.66175985336
300.0 3.6 1.58956098557
300.0 3.8 1.46214032173
300.0 4.0 1.30547606945
300.0 4.2 1.26073920727
300.0 4.4 1.14496469498
300.0 4.6 1.1116874218
300.0 4.8 1.02500915527
300.0 5.0 0.976293504238
300.0 5.2 0.954361438751
300.0 5.4 0.89694839716
300.0 5.6 0.88029384613
300.0 5.8 0.836656153202
300.0 6.0 0.81223744154
300.0 6.2 0.81223744154
300.0 6.4 0.798355365622
300.0 6.6 0.776144044153
300.0 6.8 0.753932722684
300.0 7.0 0.731721401215
300.0 7.2 0.725215768814
300.0 7.4 0.718710136414
300.0 7.6 0.712204504013
300.0 7.8 0.705698871613
300.0 8.0 0.699193239212
300.0 8.2 0.698906421661
300.0 8.4 0.698619604111
300.0 8.6 0.69833278656
300.0 8.8 0.698045969009
305.0 1.0 13.9920272827
305.0 1.2 9.58694839478
305.0 1.4 8.22554206848
305.0 1.6 5.67138624191
305.0 1.8 5.10457992554
305.0 2.0 3.86205768585
305.0 2.2 3.2844388485
305.0 2.4 2.83604454994
305.0 2.6 2.64872789383
305.0 2.8 2.33079195023
305.0 3.0 1.96159255505
305.0 3.2 1.7683339119
305.0 3.4 1.60708904266
305.0 3.6 1.53638625145
305.0 3.8 1.41162788868
305.0 4.0 1.25856482983
305.0 4.2 1.21483290195
305.0 4.4 1.10161173344
305.0 4.6 1.06903457642
305.0 4.8 0.984154760838
305.0 5.0 0.936650872231
305.0 5.2 0.915143489838
305.0 5.4 0.8586384058
305.0 5.6 0.842237055302
305.0 5.8 0.799219787121
305.0 6.0 0.775040507317
305.0 6.2 0.775040507317
305.0 6.4 0.761180927014
305.0 6.6 0.739005598529
305.0 6.8 0.716830270044
305.0 7.0 0.694654941559
305.0 7.2 0.687826669216
305.0 7.4 0.680998396873
305.0 7.6 0.674170124531
305.0 7.8 0.667341852188
305.0 8.0 0.660513579845
305.0 8.2 0.659648025036
305.0 8.4 0.658782470226
305.0 8.6 0.657916915417
305.0 8.8 0.657051360607
310.0 1.0 14.0670433044
310.0 1.2 9.86630058289
310.0 1.4 8.25399494171
310.0 1.6 5.61061620712
310.0 1.8 5.03699111938
310.0 2.0 3.79030966759
310.0 2.2 3.21525669098
310.0 2.4 2.77051854134
310.0 2.6 2.58515071869
310.0 2.8 2.27116131783
310.0 3.0 1.90753734112
310.0 3.2 1.71755635738
310.0 3.4 1.55912220478
310.0 3.6 1.48969519138
310.0 3.8 1.36719989777
310.0 4.0 1.21700453758
310.0 4.2 1.17420518398
310.0 4.4 1.06314480305
310.0 4.6 1.03120660782
310.0 4.8 0.947852432728
310.0 5.0 0.901174724102
310.0 5.2 0.88012778759
310.0 5.4 0.824609458447
310.0 5.6 0.8083948493
310.0 5.8 0.765795946121
310.0 6.0 0.741843998432
310.0 6.2 0.741843998432
310.0 6.4 0.72797314463
310.0 6.6 0.705779778546
310.0 6.8 0.683586412463
310.0 7.0 0.661393046379
310.0 7.2 0.654262804985
310.0 7.4 0.647132563591
310.0 7.6 0.640002322197
310.0 7.8 0.632872080803
310.0 8.0 0.625741839409
310.0 8.2 0.624340951443
310.0 8.4 0.622940063477
310.0 8.6 0.62153917551
310.0 8.8 0.620138287544
315.0 1.0 14.0544967651
315.0 1.2 10.0519609451
315.0 1.4 8.50860595703
315.0 1.6 5.58343219757
315.0 1.8 4.99629354477
315.0 2.0 3.73582673073
315.0 2.2 3.16010499001
315.0 2.4 2.71689844131
315.0 2.6 2.53262424469
315.0 2.8 2.22119164467
315.0 3.0 1.8615322113
315.0 3.2 1.67406570911
315.0 3.4 1.51783072948
315.0 3.6 1.44942426682
315.0 3.8 1.32874560356
315.0 4.0 1.18078243732
315.0 4.2 1.13867557049
315.0 4.4 1.02944874763
315.0 4.6 0.99799734354
315.0 4.8 0.91593003273
315.0 5.0 0.869900345802
315.0 5.2 0.849113345146
315.0 5.4 0.794457018375
315.0 5.6 0.77846801281
315.0 5.8 0.73625087738
315.0 6.0 0.712398350239
315.0 6.2 0.712398350239
315.0 6.4 0.698480408767
315.0 6.6 0.676211702413
315.0 6.8 0.653942996058
315.0 7.0 0.631674289703
315.0 7.2 0.62425621748
315.0 7.4 0.616838145256
315.0 7.6 0.609420073032
315.0 7.8 0.602002000809
315.0 8.0 0.594583928585
315.0 8.2 0.592683529854
315.0 8.4 0.590783131123
315.0 8.6 0.588882732391
315.0 8.8 0.58698233366
320.0 1.0 13.9678955078
320.0 1.2 10.1398210526
320.0 1.4 8.66130638123
320.0 1.6 5.60708808899
320.0 1.8 4.99277353287
320.0 2.0 3.70206236839
320.0 2.2 3.12102484703
320.0 2.4 2.67643857002
320.0 2.6 2.4921438694
320.0 2.8 2.18155813217
320.0 3.0 1.82396352291
320.0 3.2 1.6381456852
320.0 3.4 1.48345959187
320.0 3.6 1.41573667526
320.0 3.8 1.29637086391
320.0 4.0 1.14997959137
320.0 4.2 1.10837304592
320.0 4.4 1.00055813789
320.0 4.6 0.969446122646
320.0 4.8 0.888296186924
320.0 5.0 0.842781484127
320.0 5.2 0.822205364704
320.0 5.4 0.768044888973
320.0 5.6 0.752235114574
320.0 5.8 0.71036440134
320.0 6.0 0.686587333679
320.0 6.2 0.686587333679
320.0 6.4 0.672585822385
320.0 6.6 0.650183404314
320.0 6.8 0.627780986243
320.0 7.0 0.605378568172
320.0 7.2 0.59766305685
320.0 7.4 0.589947545528
320.0 7.6 0.582232034206
320.0 7.8 0.574516522884
320.0 8.0 0.566801011562
320.0 8.2 0.564430391788
320.0 8.4 0.562059772015
320.0 8.6 0.559689152241
320.0 8.8 0.557318532467
325.0 1.0 13.8194408417
325.0 1.2 10.1480550766
325.0 1.4 8.72697257996
325.0 1.6 5.79170179367
325.0 1.8 5.05880880356
325.0 2.0 3.69687485695
325.0 2.2 3.10240221024
325.0 2.4 2.65184211731
325.0 2.6 2.46597599983
325.0 2.8 2.15373826027
325.0 3.0 1.79581224918
325.0 3.2 1.61054491997
325.0 3.4 1.45654404163
325.0 3.6 1.38917028904
325.0 3.8 1.2704654932
325.0 4.0 1.12498104572
325.0 4.2 1.08357298374
325.0 4.4 0.976554274559
325.0 4.6 0.945739388466
325.0 4.8 0.86509346962
325.0 5.0 0.819865584373
325.0 5.2 0.79942125082
325.0 5.4 0.745512485504
325.0 5.6 0.729749023914
325.0 5.8 0.688063025475
325.0 6.0 0.664328038692
325.0 6.2 0.664328038692
325.0 6.4 0.650201727604
325.0 6.6 0.627599629863
325.0 6.8 0.604997532121
325.0 7.0 0.58239543438
325.0 7.2 0.574367141724
325.0 7.4 0.566338849068
325.0 7.6 0.558310556412
325.0 7.8 0.550282263756
325.0 8.0 0.5422539711
325.0 8.2 0.539433014393
325.0 8.4 0.536612057686
325.0 8.6 0.533791100979
325.0 8.8 0.530970144272
330.0 1.0 13.6197433472
330.0 1.2 10.091211319
330.0 1.4 8.72267150879
330.0 1.6 5.88370084763
330.0 1.8 5.22690010071
330.0 2.0 3.74553203583
330.0 2.2 3.11556434631
330.0 2.4 2.64975833893
330.0 2.6 2.45937943459
330.0 2.8 2.14145469666
330.0 3.0 1.77945411205
330.0 3.2 1.59298932552
330.0 3.4 1.43843781948
330.0 3.6 1.3709076643
330.0 3.8 1.2520108223
330.0 4.0 1.10649478436
330.0 4.2 1.06507492065
330.0 4.4 0.958069205284
330.0 4.6 0.927277863026
330.0 4.8 0.846744000912
330.0 5.0 0.801525652409
330.0 5.2 0.781095921993
330.0 5.4 0.727176249027
330.0 5.6 0.711378633976
330.0 5.8 0.669589400291
330.0 6.0 0.645752966404
330.0 6.2 0.645752966404
330.0 6.4 0.631446299882
330.0 6.6 0.608555633446
330.0 6.8 0.585664967011
330.0 7.0 0.562774300575
330.0 7.2 0.554407596588
330.0 7.4 0.546040892601
330.0 7.6 0.537674188614
330.0 7.8 0.529307484627
330.0 8.0 0.52094078064
330.0 8.2 0.517672896385
330.0 8.4 0.514405012131
330.0 8.6 0.511137127876
330.0 8.8 0.507869243622
335.0 1.0 13.3780078888
335.0 1.2 9.98156166077
335.0 1.4 8.66190719604
335.0 1.6 5.91363239288
335.0 1.8 5.27435445786
335.0 2.0 3.86615037918
335.0 2.2 3.21854662895
335.0 2.4 2.72303557396
335.0 2.6 2.49017882347
335.0 2.8 2.15509366989
335.0 3.0 1.78087627888
335.0 3.2 1.58995676041
335.0 3.4 1.43260371685
335.0 3.6 1.36403405666
335.0 3.8 1.24352741241
335.0 4.0 1.09637010098
335.0 4.2 1.05455887318
335.0 4.4 0.946541845798
335.0 4.6 0.915489494801
335.0 4.8 0.834341287613
335.0 5.0 0.788724005222
335.0 5.2 0.768105268478
335.0 5.4 0.713762104511
335.0 5.6 0.697822749615
335.0 5.8 0.655559539795
335.0 6.0 0.6314625144
335.0 6.2 0.6314625144
335.0 6.4 0.61687865545
335.0 6.6 0.593544481129
335.0 6.8 0.570210306809
335.0 7.0 0.546876132488
335.0 7.2 0.538115775585
335.0 7.4 0.529355418682
335.0 7.6 0.520595061779
335.0 7.8 0.511834704876
335.0 8.0 0.503074347973
335.0 8.2 0.499344998598
335.0 8.4 0.495615649223
335.0 8.6 0.491886299849
335.0 8.8 0.488156950474
340.0 1.0 13.1024446487
340.0 1.2 9.82933044434
340.0 1.4 8.5558052063
340.0 1.6 5.89468622208
340.0 1.8 5.27269554138
340.0 2.0 3.89586448669
340.0 2.2 3.25854825974
340.0 2.4 2.76859402657
340.0 2.6 2.56540846825
340.0 2.8 2.22400927544
340.0 3.0 1.83382976055
340.0 3.2 1.63284552097
340.0 3.4 1.46687448025
340.0 3.6 1.39449727535
340.0 3.8 1.25335264206
340.0 4.0 1.10047662258
340.0 4.2 1.05729353428
340.0 4.4 0.946048617363
340.0 4.6 0.914120256901
340.0 4.8 0.830925762653
340.0 5.0 0.784182667732
340.0 5.2 0.763048827648
340.0 5.4 0.707375645638
340.0 5.6 0.691070139408
340.0 5.8 0.647774398327
340.0 6.0 0.623032391071
340.0 6.2 0.623032391071
340.0 6.4 0.607981683879
340.0 6.6 0.583900552371
340.0 6.8 0.559819420864
340.0 7.0 0.535738289356
340.0 7.2 0.52647279501
340.0 7.4 0.517207300663
340.0 7.6 0.507941806316
340.0 7.8 0.49867631197
340.0 8.0 0.489410817623
340.0 8.2 0.485168880224
340.0 8.4 0.480926942825
340.0 8.6 0.476685005426
340.0 8.8 0.472443068027
345.0 1.0 12.7997989655
345.0 1.2 9.64319229126
345.0 1.4 8.41350841522
345.0 1.6 5.83694124222
345.0 1.8 5.23236370087
345.0 2.0 3.88861131668
345.0 2.2 3.26302433014
345.0 2.4 2.7803132534
345.0 2.6 2.57948875427
345.0 2.8 2.24094796181
345.0 3.0 1.85245203972
345.0 3.2 1.6514081955
345.0 3.4 1.48484635353
345.0 3.6 1.41215157509
345.0 3.8 1.28418123722
345.0 4.0 1.12745881081
345.0 4.2 1.08292627335
345.0 4.4 0.967698216438
345.0 4.6 0.934513807297
345.0 4.8 0.847823262215
345.0 5.0 0.799048602581
345.0 5.2 0.776931941509
345.0 5.4 0.718494772911
345.0 5.6 0.701355814934
345.0 5.8 0.655848443508
345.0 6.0 0.629749000072
345.0 6.2 0.629749000072
345.0 6.4 0.613740723709
345.0 6.6 0.588127481526
345.0 6.8 0.562514239344
345.0 7.0 0.536900997162
345.0 7.2 0.526754593849
345.0 7.4 0.516608190536
345.0 7.6 0.506461787224
345.0 7.8 0.496315383911
345.0 8.0 0.486168980598
345.0 8.2 0.481189072132
345.0 8.4 0.476209163666
345.0 8.6 0.471229255199
345.0 8.8 0.466249346733
350.0 1.0 12.476187706
350.0 1.2 9.43052768707
350.0 1.4 8.2428560257
350.0 1.6 5.74880743027
350.0 1.8 5.1617474556
350.0 2.0 3.85258150101
350.0 2.2 3.24031686783
350.0 2.4 2.7664167881
350.0 2.6 2.56877803802
350.0 2.8 2.23472929001
350.0 3.0 1.85003662109
350.0 3.2 1.65027034283
350.0 3.4 1.48429238796
350.0 3.6 1.41175246239
350.0 3.8 1.28392148018
350.0 4.0 1.12697887421
350.0 4.2 1.08224797249
350.0 4.4 0.966365993023
350.0 4.6 0.932953596115
350.0 4.8 0.845398068428
350.0 5.0 0.796093404293
350.0 5.2 0.77371019125
350.0 5.4 0.714372098446
350.0 5.6 0.696922063828
350.0 5.8 0.65051138401
350.0 6.0 0.623866856098
350.0 6.2 0.623866856098
350.0 6.4 0.607383952059
350.0 6.6 0.581011305595
350.0 6.8 0.554638659132
350.0 7.0 0.528266012669
350.0 7.2 0.517580133677
350.0 7.4 0.506894254684
350.0 7.6 0.496208375692
350.0 7.8 0.4855224967
350.0 8.0 0.474836617708
350.0 8.2 0.469309943914
350.0 8.4 0.463783270121
350.0 8.6 0.458256596327
350.0 8.8 0.452729922533
355.0 1.0 12.1369161606
355.0 1.2 9.19728279114
355.0 1.4 8.05024719238
355.0 1.6 5.63705348969
355.0 1.8 5.06759166718
355.0 2.0 3.7942276001
355.0 2.2 3.19661450386
355.0 2.4 2.73273587227
355.0 2.6 2.53902363777
355.0 2.8 2.21086883545
355.0 3.0 1.83182895184
355.0 3.2 1.63452231884
355.0 3.4 1.47025287151
355.0 3.6 1.39831352234
355.0 3.8 1.27146482468
355.0 4.0 1.11550951004
355.0 4.2 1.0709682703
355.0 4.4 0.95537430048
355.0 4.6 0.922009527683
355.0 4.8 0.834454655647
355.0 5.0 0.785024702549
355.0 5.2 0.762596964836
355.0 5.4 0.70302426815
355.0 5.6 0.685460031033
355.0 5.8 0.63866007328
355.0 6.0 0.611739933491
355.0 6.2 0.611739933491
355.0 6.4 0.595007532629
355.0 6.6 0.568235691251
355.0 6.8 0.541463849873
355.0 7.0 0.514692008495
355.0 7.2 0.503649646044
355.0 7.4 0.492607283592
355.0 7.6 0.481564921141
355.0 7.8 0.470522558689
355.0 8.0 0.459480196238
355.0 8.2 0.453548413515
355.0 8.4 0.447616630793
355.0 8.6 0.44168484807
355.0 8.8 0.435753065348
360.0 1.0 11.7861995697
360.0 1.2 8.94867801666
360.0 1.4 7.84092712402
360.0 1.6 5.50730895996
360.0 1.8 4.95543193817
360.0 2.0 3.71888375282
360.0 2.2 3.13689041138
360.0 2.4 2.68404650688
360.0 2.6 2.49474811554
360.0 2.8 2.17365145683
360.0 3.0 1.8017578125
360.0 3.2 1.60779738426
360.0 3.4 1.44609701633
360.0 3.6 1.37521004677
360.0 3.8 1.25003051758
360.0 4.0 1.09599614143
360.0 4.2 1.05195844173
360.0 4.4 0.937462568283
360.0 4.6 0.904374182224
360.0 4.8 0.817508995533
360.0 5.0 0.768334209919
360.0 5.2 0.746015250683
360.0 5.4 0.686729311943
360.0 5.6 0.669209241867
360.0 5.8 0.622448146343
360.0 6.0 0.595519900322
360.0 6.2 0.595519900322
360.0 6.4 0.57871183753
360.0 6.6 0.551818937063
360.0 6.8 0.524926036596
360.0 7.0 0.498033136129
360.0 7.2 0.486788624525
360.0 7.4 0.475544112921
360.0 7.6 0.464299601316
360.0 7.8 0.453055089712
360.0 8.0 0.441810578108
360.0 8.2 0.435599637032
360.0 8.4 0.429388695955
360.0 8.6 0.423177754879
360.0 8.8 0.416966813803
365.0 1.0 11.4279499054
365.0 1.2 8.68906497955
365.0 1.4 7.61944961548
365.0 1.6 5.36395549774
365.0 1.8 4.82974052429
365.0 2.0 3.63066768646
365.0 2.2 3.06500697136
365.0 2.4 2.62406778336
365.0 2.6 2.43956923485
365.0 2.8 2.12635803223
365.0 3.0 1.76286041737
365.0 3.2 1.57294547558
365.0 3.4 1.41445934772
365.0 3.6 1.34493196011
365.0 3.8 1.22201347351
365.0 4.0 1.07063889503
365.0 4.2 1.02732431889
365.0 4.4 0.91457426548
365.0 4.6 0.88196516037
365.0 4.8 0.796285271645
365.0 5.0 0.747713685036
365.0 5.2 0.725633263588
365.0 5.4 0.667009949684
365.0 5.6 0.649671316147
365.0 5.8 0.60330426693
365.0 6.0 0.576568126678
365.0 6.2 0.576568126678
365.0 6.4 0.559822972479
365.0 6.6 0.533030725759
365.0 6.8 0.506238479039
365.0 7.0 0.479446232319
365.0 7.2 0.468125659227
365.0 7.4 0.456805086136
365.0 7.6 0.445484513044
365.0 7.8 0.434163939953
365.0 8.0 0.422843366861
365.0 8.2 0.416451609135
365.0 8.4 0.410059851408
365.0 8.6 0.403668093681
365.0 8.8 0.397276335955
370.0 1.0 11.0654172897
370.0 1.2 8.42186069489
370.0 1.4 7.38947868347
370.0 1.6 5.21069478989
370.0 1.8 4.69406509399
370.0 2.0 3.53293371201
370.0 2.2 2.98416781425
370.0 2.4 2.55582880974
370.0 2.6 2.37639021873
370.0 2.8 2.07166266441
370.0 3.0 1.71746194363
370.0 3.2 1.53214621544
370.0 3.4 1.37737870216
370.0 3.6 1.3094342947
370.0 3.8 1.18926787376
370.0 4.0 1.0410875082
370.0 4.2 0.998685896397
370.0 4.4 0.888204932213
370.0 4.6 0.856195271015
370.0 4.8 0.772097110748
370.0 5.0 0.724404990673
370.0 5.2 0.702682435513
370.0 5.4 0.644994020462
370.0 5.6 0.627940773964
370.0 5.8 0.582252562046
370.0 6.0 0.555863618851
370.0 6.2 0.555863618851
370.0 6.4 0.539292165945
370.0 6.6 0.512777841297
370.0 6.8 0.486263516648
370.0 7.0 0.459749191999
370.0 7.2 0.448451286554
370.0 7.4 0.437153381109
370.0 7.6 0.425855475664
370.0 7.8 0.414557570219
370.0 8.0 0.403259664774
370.0 8.2 0.396769607067
370.0 8.4 0.39027954936
370.0 8.6 0.383789491653
370.0 8.8 0.377299433947
375.0 1.0 10.7012424469
375.0 1.2 8.15016937256
375.0 1.4 7.15398311615
375.0 1.6 5.05063819885
375.0 1.8 4.55146884918
375.0 2.0 3.42839407921
375.0 2.2 2.8968975544
375.0 2.4 2.48165559769
375.0 2.6 2.30746936798
375.0 2.8 2.01163125038
375.0 3.0 1.6674478054
375.0 3.2 1.48715174198
375.0 3.4 1.33646869659
375.0 3.6 1.27028429508
375.0 3.8 1.15319359303
375.0 4.0 1.00865590572
375.0 4.2 0.967288672924
375.0 4.4 0.859458386898
375.0 4.6 0.828182578087
375.0 4.8 0.74595028162
375.0 5.0 0.699316740036
375.0 5.2 0.678066432476
375.0 5.4 0.621538281441
375.0 5.6 0.604829192162
375.0 5.8 0.560039937496
375.0 6.0 0.534122109413
375.0 6.2 0.534122109413
375.0 6.4 0.517810604696
375.0 6.6 0.491712197148
375.0 6.8 0.4656137896
375.0 7.0 0.439515382051
375.0 7.2 0.428319573402
375.0 7.4 0.417123764753
375.0 7.6 0.405927956104
375.0 7.8 0.394732147455
375.0 8.0 0.383536338806
375.0 8.2 0.37701382637
375.0 8.4 0.370491313934
375.0 8.6 0.363968801498
375.0 8.8 0.357446289062
380.0 1.0 10.3378381729
380.0 1.2 7.8764705658
380.0 1.4 6.91558074951
380.0 1.6 4.8861489296
380.0 1.8 4.40428876877
380.0 2.0 3.3193128109
380.0 2.2 2.80527591705
380.0 2.4 2.40334248543
380.0 2.6 2.23463582993
380.0 2.8 1.94793593884
380.0 3.0 1.61423516273
380.0 3.2 1.43926250935
380.0 3.4 1.29294109344
380.0 3.6 1.22865271568
380.0 3.8 1.1148750782
380.0 4.0 0.974321961403
380.0 4.2 0.934078097343
380.0 4.4 0.829170227051
380.0 4.6 0.798730552197
380.0 4.8 0.718603909016
380.0 5.0 0.673149824142
380.0 5.2 0.652442753315
380.0 5.4 0.597263753414
380.0 5.6 0.580962896347
380.0 5.8 0.537225544453
380.0 6.0 0.511881768703
380.0 6.2 0.511881768703
380.0 6.4 0.495896106136
380.0 6.6 0.470319046029
380.0 6.8 0.444741985921
380.0 7.0 0.419164925814
380.0 7.2 0.40813242197
380.0 7.4 0.397099918127
380.0 7.6 0.386067414284
380.0 7.8 0.37503491044
380.0 8.0 0.364002406597
380.0 8.2 0.357500314713
380.0 8.4 0.350998222828
380.0 8.6 0.344496130943
380.0 8.8 0.337994039059
385.0 1.0 9.97714996338
385.0 1.2 7.60279130936
385.0 1.4 6.67628717422
385.0 1.6 4.71929216385
385.0 1.8 4.25447940826
385.0 2.0 3.20737314224
385.0 2.2 2.71088838577
385.0 2.4 2.32241916656
385.0 2.6 2.15931963921
385.0 2.8 1.88192760944
385.0 3.0 1.55900812149
385.0 3.2 1.38956511021
385.0 3.4 1.2477940321
385.0 3.6 1.1854839325
385.0 3.8 1.07518529892
385.0 4.0 0.938869476318
385.0 4.2 0.899804592133
385.0 4.4 0.798002123833
385.0 4.6 0.768459916115
385.0 4.8 0.690616071224
385.0 5.0 0.646440148354
385.0 5.2 0.626319468021
385.0 5.4 0.572650969028
385.0 5.6 0.556778907776
385.0 5.8 0.514220178127
385.0 6.0 0.489524334669
385.0 6.2 0.489524334669
385.0 6.4 0.473915995195
385.0 6.6 0.448942652036
385.0 6.8 0.423969308878
385.0 7.0 0.398995965719
385.0 7.2 0.388174533844
385.0 7.4 0.377353101969
385.0 7.6 0.366531670094
385.0 7.8 0.355710238218
385.0 8.0 0.344888806343
385.0 8.2 0.338448303938
385.0 8.4 0.332007801533
385.0 8.6 0.325567299128
385.0 8.8 0.319126796722
390.0 1.0 9.62084197998
390.0 1.2 7.33091449738
390.0 1.4 6.43785381317
390.0 1.6 4.5517077446
390.0 1.8 4.10366630554
390.0 2.0 3.09401583672
390.0 2.2 2.61501717567
390.0 2.4 2.24002766609
390.0 2.6 2.08257579803
390.0 2.8 1.81463599205
390.0 3.0 1.50266432762
390.0 3.2 1.33888411522
390.0 3.4 1.201790452
390.0 3.6 1.14152014256
390.0 3.8 1.03480935097
390.0 4.0 0.902897655964
390.0 4.2 0.865068376064
390.0 4.4 0.766483604908
390.0 4.6 0.737872779369
390.0 4.8 0.662437021732
390.0 5.0 0.619612038136
390.0 5.2 0.600103199482
390.0 5.4 0.54805958271
390.0 5.6 0.532644212246
390.0 5.8 0.491343200207
390.0 6.0 0.467345446348
390.0 6.2 0.467345446348
390.0 6.4 0.452152643738
390.0 6.6 0.427844159562
390.0 6.8 0.403535675386
390.0 7.0 0.37922719121
390.0 7.2 0.368652963638
390.0 7.4 0.358078736067
390.0 7.6 0.347504508495
390.0 7.8 0.336930280924
390.0 8.0 0.326356053352
390.0 8.2 0.320009613037
390.0 8.4 0.313663172722
390.0 8.6 0.307316732407
390.0 8.8 0.300970292091
395.0 1.0 9.27023124695
395.0 1.2 7.06226015091
395.0 1.4 6.20170402527
395.0 1.6 4.38470172882
395.0 1.8 3.95310378075
395.0 2.0 2.98040819168
395.0 2.2 2.51873636246
395.0 2.4 2.15722727776
395.0 2.6 2.0053563118
395.0 2.8 1.74690508842
395.0 3.0 1.44591057301
395.0 3.2 1.28784739971
395.0 3.4 1.15550386906
395.0 3.6 1.09731185436
395.0 3.8 0.994247019291
395.0 4.0 0.866833984852
395.0 4.2 0.830285608768
395.0 4.4 0.734984755516
395.0 4.6 0.70733320713
395.0 4.8 0.634405434132
395.0 5.0 0.592965066433
395.0 5.2 0.574088096619
395.0 5.4 0.523741841316
395.0 5.6 0.508803009987
395.0 5.8 0.468812257051
395.0 6.0 0.445552796125
395.0 6.2 0.445552796125
395.0 6.4 0.430804022427
395.0 6.6 0.40720598451
395.0 6.8 0.383607946593
395.0 7.0 0.360009908676
395.0 7.2 0.34970920682
395.0 7.4 0.339408504963
395.0 7.6 0.329107803106
395.0 7.8 0.31880710125
395.0 8.0 0.308506399393
395.0 8.2 0.302283042669
395.0 8.4 0.296059685946
395.0 8.6 0.289836329222
395.0 8.8 0.283612972498
400.0 1.0 8.92631721497
400.0 1.2 6.79795694351
400.0 1.4 5.96900939941
400.0 1.6 4.21938323975
400.0 1.8 3.80386376381
400.0 2.0 2.8674390316
400.0 2.2 2.42287015915
400.0 2.4 2.07470560074
400.0 2.6 1.92838525772
400.0 2.8 1.67938995361
400.0 3.0 1.38932299614
400.0 3.2 1.23700237274
400.0 3.4 1.10942399502
400.0 3.6 1.05330979824
400.0 3.8 0.953926086426
400.0 4.0 0.831041932106
400.0 4.2 0.795788943768
400.0 4.4 0.703814268112
400.0 4.6 0.677137076855
400.0 4.8 0.606780409813
400.0 5.0 0.566732406616
400.0 5.2 0.548499047756
400.0 5.4 0.499886453152
400.0 5.6 0.485449284315
400.0 5.8 0.446785718203
400.0 6.0 0.424305558205
400.0 6.2 0.424305558205
400.0 6.4 0.410018155287
400.0 6.6 0.387158310619
400.0 6.8 0.364298465951
400.0 7.0 0.341438621283
400.0 7.2 0.33143222928
400.0 7.4 0.321425837278
400.0 7.6 0.311419445276
400.0 7.8 0.301413053274
400.0 8.0 0.291406661272
400.0 8.2 0.285325133801
400.0 8.4 0.279243606329
400.0 8.6 0.273162078857
400.0 8.8 0.267080551386
405.0 1.0 8.59006118774
405.0 1.2 6.53886795044
405.0 1.4 5.74065828323
405.0 1.6 4.05662918091
405.0 1.8 3.65678548813
405.0 2.0 2.75585484505
405.0 2.2 2.32808327675
405.0 2.4 1.99306344986
405.0 2.6 1.85225355625
405.0 2.8 1.61257886887
405.0 3.0 1.33334970474
405.0 3.2 1.18673014641
405.0 3.4 1.06389331818
405.0 3.6 1.00986051559
405.0 3.8 0.914147496223
405.0 4.0 0.795792937279
405.0 4.2 0.761833667755
405.0 4.4 0.673203408718
405.0 4.6 0.647495269775
405.0 4.8 0.579714953899
405.0 5.0 0.541089773178
405.0 5.2 0.523504257202
405.0 5.4 0.476623892784
405.0 5.6 0.462712913752
405.0 5.8 0.425384551287
405.0 6.0 0.403707027435
405.0 6.2 0.403707027435
405.0 6.4 0.389892798046
405.0 6.6 0.367790031022
405.0 6.8 0.345687263998
405.0 7.0 0.323584496975
405.0 7.2 0.313888341188
405.0 7.4 0.304192185402
405.0 7.6 0.294496029615
405.0 7.8 0.284799873829
405.0 8.0 0.275103718042
405.0 8.2 0.269175857306
405.0 8.4 0.263247996569
405.0 8.6 0.257320135832
405.0 8.8 0.251392275095
410.0 1.0 8.26210975647
410.0 1.2 6.28571224213
410.0 1.4 5.51730871201
410.0 1.6 3.89711356163
410.0 1.8 3.51253509521
410.0 2.0 2.64620947838
410.0 2.2 2.23491644859
410.0 2.4 1.91276860237
410.0 2.6 1.77738320827
410.0 2.8 1.5468827486
410.0 3.0 1.27833878994
410.0 3.2 1.1373462677
410.0 3.4 1.01919722557
410.0 3.6 0.967227578163
410.0 3.8 0.875144958496
410.0 4.0 0.761291086674
410.0 4.2 0.728616535664
410.0 4.4 0.643334627151
410.0 4.6 0.618572056293
410.0 4.8 0.553339064121
410.0 5.0 0.516174912453
410.0 5.2 0.499222397804
410.0 5.4 0.454065233469
410.0 5.6 0.440673023462
410.0 5.8 0.404696375132
410.0 6.0 0.383818894625
410.0 6.2 0.383818894625
410.0 6.4 0.370486537958
410.0 6.6 0.349154767291
410.0 6.8 0.327822996625
410.0 7.0 0.306491225958
410.0 7.2 0.297111880779
410.0 7.4 0.287732535601
410.0 7.6 0.278353190422
410.0 7.8 0.268973845243
410.0 8.0 0.259594500065
410.0 8.2 0.253831285238
410.0 8.4 0.248068070412
410.0 8.6 0.242304855585
410.0 8.8 0.236541640759
415.0 1.0 7.94294548035
415.0 1.2 6.03914833069
415.0 1.4 5.29956579208
415.0 1.6 3.74133205414
415.0 1.8 3.37161374092
415.0 2.0 2.53896784782
415.0 2.2 2.14377093315
415.0 2.4 1.8342089653
415.0 2.6 1.70412373543
415.0 2.8 1.48262166977
415.0 3.0 1.22455334663
415.0 3.2 1.08907783031
415.0 3.4 0.97555232048
415.0 3.6 0.925611436367
415.0 3.8 0.837115943432
415.0 4.0 0.727688968182
415.0 4.2 0.696286439896
415.0 4.4 0.61431491375
415.0 4.6 0.590502202511
415.0 4.8 0.527767837048
415.0 5.0 0.492052078247
415.0 5.2 0.475744366646
415.0 5.4 0.432282328606
415.0 5.6 0.419403970242
415.0 5.8 0.384777754545
415.0 6.0 0.364686518908
415.0 6.2 0.364686518908
415.0 6.4 0.351839308081
415.0 6.6 0.331283770759
415.0 6.8 0.310728233436
415.0 7.0 0.290172696114
415.0 7.2 0.281114405394
415.0 7.4 0.272056114674
415.0 7.6 0.262997823954
415.0 7.8 0.253939533234
415.0 8.0 0.244881242514
415.0 8.2 0.239290359616
415.0 8.4 0.233699476719
415.0 8.6 0.228108593822
415.0 8.8 0.222517710924
420.0 1.0 7.63298416138
420.0 1.2 5.79948091507
420.0 1.4 5.08787107468
420.0 1.6 3.58965945244
420.0 1.8 3.23436331749
420.0 2.0 2.43446111679
420.0 2.2 2.05494117737
420.0 2.4 1.75765728951
420.0 2.6 1.63273394108
420.0 2.8 1.42005181313
420.0 3.0 1.1721944809
420.0 3.2 1.0421192646
420.0 3.4 0.93312561512
420.0 3.6 0.885163784027
420.0 3.8 0.800192177296
420.0 4.0 0.695096373558
420.0 4.2 0.664948284626
420.0 4.4 0.586224079132
420.0 4.6 0.563356697559
420.0 4.8 0.5030772686
420.0 5.0 0.468780487776
420.0 5.2 0.45311576128
420.0 5.4 0.411335140467
420.0 5.6 0.398950815201
420.0 5.8 0.365674853325
420.0 6.0 0.346345186234
420.0 6.2 0.346345186234
420.0 6.4 0.333981728759
420.0 6.6 0.314200196801
420.0 6.8 0.294418664842
420.0 7.0 0.274637132883
420.0 7.2 0.265897640586
420.0 7.4 0.257158148289
420.0 7.6 0.248418655992
420.0 7.8 0.239679163694
420.0 8.0 0.230939671397
420.0 8.2 0.225528526306
420.0 8.4 0.220117381215
420.0 8.6 0.214706236124
420.0 8.8 0.209295091033
425.0 1.0 7.33250808716
425.0 1.2 5.56702518463
425.0 1.4 4.88248443604
425.0 1.6 3.4424328804
425.0 1.8 3.10113215446
425.0 2.0 2.3329436779
425.0 2.2 1.96863293648
425.0 2.4 1.68329751492
425.0 2.6 1.56339609623
425.0 2.8 1.35929322243
425.0 3.0 1.1214069128
425.0 3.2 0.996590614319
425.0 3.4 0.892015576363
425.0 3.6 0.845994949341
425.0 3.8 0.764458119869
425.0 4.0 0.663591325283
425.0 4.2 0.634668707848
425.0 4.4 0.559128403664
425.0 4.6 0.537182986736
425.0 4.8 0.479311674833
425.0 5.0 0.446396410465
425.0 5.2 0.431366294622
425.0 5.4 0.391245901585
425.0 5.6 0.379345417023
425.0 5.8 0.34739613533
425.0 6.0 0.328811138868
425.0 6.2 0.328811138868
425.0 6.4 0.31692606519
425.0 6.6 0.297909947305
425.0 6.8 0.27889382942
425.0 7.0 0.259877711535
425.0 7.2 0.251454526186
425.0 7.4 0.243031340837
425.0 7.6 0.234608155489
425.0 7.8 0.22618497014
425.0 8.0 0.217761784792
425.0 8.2 0.212533915043
425.0 8.4 0.207306045294
425.0 8.6 0.202078175545
425.0 8.8 0.196850305796
430.0 1.0 7.04163646698
430.0 1.2 5.34199142456
430.0 1.4 4.6836271286
430.0 1.6 3.2998111248
430.0 1.8 2.97205638885
430.0 2.0 2.23461031914
430.0 2.2 1.88503599167
430.0 2.4 1.61129355431
430.0 2.6 1.49626743793
430.0 2.8 1.30047440529
430.0 3.0 1.07228958607
430.0 3.2 0.952568173409
430.0 3.4 0.852291405201
430.0 3.6 0.808163583279
430.0 3.8 0.729966104031
430.0 4.0 0.633230924606
430.0 4.2 0.605485796928
430.0 4.4 0.533054113388
430.0 4.6 0.512008547783
430.0 4.8 0.456496119499
430.0 5.0 0.424918800592
430.0 5.2 0.410507708788
430.0 5.4 0.372011989355
430.0 5.6 0.360595792532
430.0 5.8 0.329934328794
430.0 6.0 0.312083095312
430.0 6.2 0.312083095312
430.0 6.4 0.30066815327
430.0 6.6 0.282404246001
430.0 6.8 0.264140338733
430.0 7.0 0.245876431465
430.0 7.2 0.237767240405
430.0 7.4 0.229658049345
430.0 7.6 0.221548858285
430.0 7.8 0.213439667225
430.0 8.0 0.205330476165
430.0 8.2 0.200285696983
430.0 8.4 0.195240917802
430.0 8.6 0.19019613862
430.0 8.8 0.185151359439
435.0 1.0 6.76034212112
435.0 1.2 5.12449884415
435.0 1.4 4.49142885208
435.0 1.6 3.16192889214
435.0 1.8 2.84728288651
435.0 2.0 2.13955545425
435.0 2.2 1.80423545837
435.0 2.4 1.54172885418
435.0 2.6 1.43142640591
435.0 2.8 1.24368655682
435.0 3.0 1.0249106884
435.0 3.2 0.910131931305
435.0 3.4 0.814016819
435.0 3.6 0.771722018719
435.0 3.8 0.696768343449
435.0 4.0 0.604048132896
435.0 4.2 0.577449858189
435.0 4.4 0.508026063442
435.0 4.6 0.487855643034
435.0 4.8 0.434645712376
435.0 5.0 0.404359459877
435.0 5.2 0.390549331903
435.0 5.4 0.353637725115
435.0 5.6 0.342688500881
435.0 5.8 0.313278347254
435.0 6.0 0.296164602041
435.0 6.2 0.296164602041
435.0 6.4 0.28520671715
435.0 6.6 0.267674101324
435.0 6.8 0.250141485498
435.0 7.0 0.232608869672
435.0 7.2 0.224809738994
435.0 7.4 0.217010608315
435.0 7.6 0.209211477637
435.0 7.8 0.201412346959
435.0 8.0 0.193613216281
435.0 8.2 0.188750174642
435.0 8.4 0.183887133002
435.0 8.6 0.179024091363
435.0 8.8 0.174161049724
440.0 1.0 6.48876476288
440.0 1.2 4.91452264786
440.0 1.4 4.30592536926
440.0 1.6 3.02886915207
440.0 1.8 2.72687482834
440.0 2.0 2.04785871506
440.0 2.2 1.72629785538
440.0 2.4 1.47465527058
440.0 2.6 1.36892092228
440.0 2.8 1.18895971775
440.0 3.0 0.97930252552
440.0 3.2 0.869292259216
440.0 3.4 0.777203202248
440.0 3.6 0.736685037613
440.0 3.8 0.664874196053
440.0 4.0 0.57604521513
440.0 4.2 0.550558686256
440.0 4.4 0.484046041965
440.0 4.6 0.464723438025
440.0 4.8 0.413744062185
440.0 5.0 0.384715825319
440.0 5.2 0.371484488249
440.0 5.4 0.336117774248
440.0 5.6 0.325618445873
440.0 5.8 0.297422885895
440.0 6.0 0.281024515629
440.0 6.2 0.281024515629
440.0 6.4 0.270512334746
440.0 6.6 0.253692845332
440.0 6.8 0.236873355919
440.0 7.0 0.220053866506
440.0 7.2 0.212559166551
440.0 7.4 0.205064466596
440.0 7.6 0.197569766641
440.0 7.8 0.190075066686
440.0 8.0 0.182580366731
440.0 8.2 0.177896875143
440.0 8.4 0.173213383555
440.0 8.6 0.168529891968
440.0 8.8 0.16384640038
445.0 1.0 6.22680902481
445.0 1.2 4.71211481094
445.0 1.4 4.12707805634
445.0 1.6 2.90065288544
445.0 1.8 2.61085939407
445.0 2.0 1.95955789089
445.0 2.2 1.65125799179
445.0 2.4 1.41008281708
445.0 2.6 1.30877459049
445.0 2.8 1.13633275032
445.0 3.0 0.93547141552
445.0 3.2 0.830070436001
445.0 3.4 0.741861343384
445.0 3.6 0.703057825565
445.0 3.8 0.634291172028
445.0 4.0 0.549215495586
445.0 4.2 0.524806380272
445.0 4.4 0.461102664471
445.0 4.6 0.442599862814
445.0 4.8 0.393779993057
445.0 5.0 0.365981757641
445.0 5.2 0.353296548128
445.0 5.4 0.31943166256
445.0 5.6 0.309369653463
445.0 5.8 0.282350987196
445.0 6.0 0.266635119915
445.0 6.2 0.266635119915
445.0 6.4 0.256557485153
445.0 6.6 0.240433269534
445.0 6.8 0.224309053914
445.0 7.0 0.208184838295
445.0 7.2 0.20098772645
445.0 7.4 0.193790614605
445.0 7.6 0.18659350276
445.0 7.8 0.179396390915
445.0 8.0 0.17219927907
445.0 8.2 0.167691838741
445.0 8.4 0.163184398413
445.0 8.6 0.158676958084
445.0 8.8 0.154169517756
450.0 1.0 5.97436380386
450.0 1.2 4.51717710495
450.0 1.4 3.95491909981
450.0 1.6 2.77723670006
450.0 1.8 2.4991979599
450.0 2.0 1.87464094162
450.0 2.2 1.5791169405
450.0 2.4 1.34802150726
450.0 2.6 1.25098323822
450.0 2.8 1.08579647541
450.0 3.0 0.893402576447
450.0 3.2 0.792456865311
450.0 3.4 0.707983970642
450.0 3.6 0.670834183693
450.0 3.8 0.604996144772
450.0 4.0 0.523547291756
450.0 4.2 0.500179588795
450.0 4.4 0.439192503691
450.0 4.6 0.421472609043
450.0 4.8 0.374739140272
450.0 5.0 0.348125725985
450.0 5.2 0.335978358984
450.0 5.4 0.303553879261
450.0 5.6 0.293919175863
450.0 5.8 0.268035590649
450.0 6.0 0.252978503704
450.0 6.2 0.252978503704
450.0 6.4 0.243322443345
450.0 6.6 0.227872746772
450.0 6.8 0.212423050198
450.0 7.0 0.196973353624
450.0 7.2 0.190065824986
450.0 7.4 0.183158296347
450.0 7.6 0.176250767708
450.0 7.8 0.169343239069
450.0 8.0 0.16243571043
450.0 8.2 0.158100697398
450.0 8.4 0.153765684366
450.0 8.6 0.149430671334
450.0 8.8 0.145095658302
455.0 1.0 5.73126411438
455.0 1.2 4.32962703705
455.0 1.4 3.78931999207
455.0 1.6 2.65862393379
455.0 1.8 2.39188981056
455.0 2.0 1.79305660725
455.0 2.2 1.50982880592
455.0 2.4 1.28844058514
455.0 2.6 1.19549739361
455.0 2.8 1.03732073307
455.0 3.0 0.853079915047
455.0 3.2 0.75643569231
455.0 3.4 0.675552904606
455.0 3.6 0.639993607998
455.0 3.8 0.576978266239
455.0 4.0 0.499019354582
455.0 4.2 0.476656973362
455.0 4.4 0.41828635335
455.0 4.6 0.401327461004
455.0 4.8 0.356597036123
455.0 5.0 0.331124067307
455.0 5.2 0.319498956203
455.0 5.4 0.288459151983
455.0 5.6 0.279238879681
455.0 5.8 0.254453718662
455.0 6.0 0.240031331778
455.0 6.2 0.240031331778
455.0 6.4 0.230782766794
455.0 6.6 0.215985062821
455.0 6.8 0.201187358848
455.0 7.0 0.186389654875
455.0 7.2 0.179762962461
455.0 7.4 0.173136270046
455.0 7.6 0.166509577632
455.0 7.8 0.159882885218
455.0 8.0 0.153256192803
455.0 8.2 0.149089542031
455.0 8.4 0.144922891259
455.0 8.6 0.140756240487
455.0 8.8 0.136589589715
460.0 1.0 5.49740982056
460.0 1.2 4.14929866791
460.0 1.4 3.63016605377
460.0 1.6 2.54471468925
460.0 1.8 2.28886294365
460.0 2.0 1.71477663517
460.0 2.2 1.44338154793
460.0 2.4 1.2313131094
460.0 2.6 1.14230084419
460.0 2.8 0.990862369537
460.0 3.0 0.814466834068
460.0 3.2 0.721962511539
460.0 3.4 0.644531309605
460.0 3.6 0.610498547554
460.0 3.8 0.550198435783
460.0 4.0 0.475597172976
460.0 4.2 0.454201281071
460.0 4.4 0.398350477219
460.0 4.6 0.382125765085
460.0 4.8 0.339320957661
460.0 5.0 0.314946591854
460.0 5.2 0.303824454546
460.0 5.4 0.274114429951
460.0 5.6 0.265295028687
460.0 5.8 0.241572961211
460.0 6.0 0.227763682604
460.0 6.2 0.227763682604
460.0 6.4 0.21890818713
460.0 6.6 0.204739394373
460.0 6.8 0.190570601615
460.0 7.0 0.176401808858
460.0 7.2 0.170047003031
460.0 7.4 0.163692197204
460.0 7.6 0.157337391376
460.0 7.8 0.150982585549
460.0 8.0 0.144627779722
460.0 8.2 0.140625052154
460.0 8.4 0.136622324586
460.0 8.6 0.132619597018
460.0 8.8 0.12861686945
465.0 1.0 5.27253818512
465.0 1.2 3.97609949112
465.0 1.4 3.47733044624
465.0 1.6 2.43541741371
465.0 1.8 2.19002914429
465.0 2.0 1.63972091675
465.0 2.2 1.37970805168
465.0 2.4 1.1765922308
465.0 2.6 1.09136092663
465.0 2.8 0.946390330791
465.0 3.0 0.777543604374
465.0 3.2 0.689007937908
465.0 3.4 0.614899337292
465.0 3.6 0.582328081131
465.0 3.8 0.524632811546
465.0 4.0 0.453255921602
465.0 4.2 0.432786941528
465.0 4.4 0.379357308149
465.0 4.6 0.363837301731
465.0 4.8 0.322882056236
465.0 5.0 0.299563884735
465.0 5.2 0.288923680782
465.0 5.4 0.260493993759
465.0 5.6 0.252057105303
465.0 5.8 0.229358747602
465.0 6.0 0.216143369675
465.0 6.2 0.216143369675
465.0 6.4 0.207666332866
465.0 6.6 0.194103073971
465.0 6.8 0.180539815076
465.0 7.0 0.166976556182
465.0 7.2 0.160885044932
465.0 7.4 0.154793533683
465.0 7.6 0.148702022433
465.0 7.8 0.142610511184
465.0 8.0 0.136518999934
465.0 8.2 0.132675643265
465.0 8.4 0.128832286596
465.0 8.6 0.124988929927
465.0 8.8 0.121145573258
470.0 1.0 5.05649328232
470.0 1.2 3.80980491638
470.0 1.4 3.33066797256
470.0 1.6 2.33062314987
470.0 1.8 2.09528183937
470.0 2.0 1.56782197952
470.0 2.2 1.31874144077
470.0 2.4 1.12421834469
470.0 2.6 1.04261887074
470.0 2.8 0.90384209156
470.0 3.0 0.742252767086
470.0 3.2 0.657523393631
470.0 3.4 0.586610198021
470.0 3.6 0.555439174175
470.0 3.8 0.500243246555
470.0 4.0 0.431965053082
470.0 4.2 0.412381142378
470.0 4.4 0.361275404692
470.0 4.6 0.346431642771
470.0 4.8 0.30725595355
470.0 5.0 0.284949868917
470.0 5.2 0.274770259857
470.0 5.4 0.247577160597
470.0 5.6 0.239498957992
470.0 5.8 0.217787951231
470.0 6.0 0.20514126122
470.0 6.2 0.20514126122
470.0 6.4 0.19702843962
470.0 6.6 0.184047925061
470.0 6.8 0.171067410502
470.0 7.0 0.158086895943
470.0 7.2 0.152249571681
470.0 7.4 0.146412247419
470.0 7.6 0.140574923158
470.0 7.8 0.134737598896
470.0 8.0 0.128900274634
470.0 8.2 0.125211445987
470.0 8.4 0.12152261734
470.0 8.6 0.117833788693
470.0 8.8 0.114144960046
475.0 1.0 4.84906101227
475.0 1.2 3.65026426315
475.0 1.4 3.19000196457
475.0 1.6 2.23022675514
475.0 1.8 2.00454187393
475.0 2.0 1.49900054932
475.0 2.2 1.26039850712
475.0 2.4 1.07412040234
475.0 2.6 0.996002495289
475.0 2.8 0.863169670105
475.0 3.0 0.708545267582
475.0 3.2 0.62746578455
475.0 3.4 0.559625148773
475.0 3.6 0.529792070389
475.0 3.8 0.476991325617
475.0 4.0 0.411683022976
475.0 4.2 0.392946451902
475.0 4.4 0.344070404768
475.0 4.6 0.329875230789
475.0 4.8 0.292409658432
475.0 5.0 0.271069347858
475.0 5.2 0.261332243681
475.0 5.4 0.235325589776
475.0 5.6 0.227598339319
475.0 5.8 0.206828132272
475.0 6.0 0.19472810626
475.0 6.2 0.19472810626
475.0 6.4 0.186964786258
475.0 6.6 0.174543474255
475.0 6.8 0.162122162252
475.0 7.0 0.149700850248
475.0 7.2 0.144109252095
475.0 7.4 0.138517653942
475.0 7.6 0.132926055789
475.0 7.8 0.127334457636
475.0 8.0 0.121742859483
475.0 8.2 0.11820384264
475.0 8.4 0.114664825797
475.0 8.6 0.111125808954
475.0 8.8 0.107586792111
480.0 1.0 4.65000486374
480.0 1.2 3.49730086327
480.0 1.4 3.05518174171
480.0 1.6 2.13407611847
480.0 1.8 1.91765964031
480.0 2.0 1.43315577507
480.0 2.2 1.20461499691
480.0 2.4 1.02624249458
480.0 2.6 0.951455593109
480.0 2.8 0.824322760105
480.0 3.0 0.676366388798
480.0 3.2 0.598790705204
480.0 3.4 0.53388607502
480.0 3.6 0.505347728729
480.0 3.8 0.454830110073
480.0 4.0 0.392368912697
480.0 4.2 0.374449014664
480.0 4.4 0.327703118324
480.0 4.6 0.314127624035
480.0 4.8 0.278305143118
480.0 5.0 0.257891893387
480.0 5.2 0.248577356339
480.0 5.4 0.223705902696
480.0 5.6 0.216316670179
480.0 5.8 0.196448713541
480.0 6.0 0.184874102473
480.0 6.2 0.184874102473
480.0 6.4 0.17744583765
480.0 6.6 0.165560613932
480.0 6.8 0.153675390215
480.0 7.0 0.141790166497
480.0 7.2 0.136435554922
480.0 7.4 0.131080943346
480.0 7.6 0.12572633177
480.0 7.8 0.120371720195
480.0 8.0 0.115017108619
480.0 8.2 0.111623451114
480.0 8.4 0.108229793608
480.0 8.6 0.104836136103
480.0 8.8 0.101442478597
485.0 1.0 4.45901489258
485.0 1.2 3.35071754456
485.0 1.4 2.92602753639
485.0 1.6 2.04206252098
485.0 1.8 1.83453071117
485.0 2.0 1.37019121647
485.0 2.2 1.1512953043
485.0 2.4 0.980500817299
485.0 2.6 0.908901154995
485.0 2.8 0.787229061127
485.0 3.0 0.645662486553
485.0 3.2 0.571444869041
485.0 3.4 0.509353995323
485.0 3.6 0.482056498528
485.0 3.8 0.433723270893
485.0 4.0 0.373986810446
485.0 4.2 0.356850326061
485.0 4.4 0.31214427948
485.0 4.6 0.299161344767
485.0 4.8 0.264911264181
485.0 5.0 0.245388060808
485.0 5.2 0.236479669809
485.0 5.4 0.212691262364
485.0 5.6 0.205625489354
485.0 5.8 0.186621844769
485.0 6.0 0.175552025437
485.0 6.2 0.175552025437
485.0 6.4 0.168445101586
485.0 6.6 0.157074023424
485.0 6.8 0.145702945261
485.0 7.0 0.134331867099
485.0 7.2 0.129205569625
485.0 7.4 0.124079272151
485.0 7.6 0.118952974677
485.0 7.8 0.113826677203
485.0 8.0 0.108700379729
485.0 8.2 0.10544617027
485.0 8.4 0.102191960812
485.0 8.6 0.0989377513528
485.0 8.8 0.095683541894
490.0 1.0 4.27583312988
490.0 1.2 3.21027755737
490.0 1.4 2.80236983299
490.0 1.6 1.95404028893
490.0 1.8 1.75503277779
490.0 2.0 1.31001996994
490.0 2.2 1.10036671162
490.0 2.4 0.936826407909
490.0 2.6 0.868280589581
490.0 2.8 0.751827001572
490.0 3.0 0.616376459599
490.0 3.2 0.545373141766
490.0 3.4 0.485978275537
490.0 3.6 0.459865033627
490.0 3.8 0.413622200489
490.0 4.0 0.356493771076
490.0 4.2 0.34010758996
490.0 4.4 0.297352612019
490.0 4.6 0.284939199686
490.0 4.8 0.252191066742
490.0 5.0 0.233523949981
490.0 5.2 0.225002899766
490.0 5.4 0.202251344919
490.0 5.6 0.195496052504
490.0 5.8 0.177319541574
490.0 6.0 0.16673143208
490.0 6.2 0.16673143208
490.0 6.4 0.159932415033
490.0 6.6 0.149053987758
490.0 6.8 0.138175560483
490.0 7.0 0.127297133207
490.0 7.2 0.12239074111
490.0 7.4 0.117484349012
490.0 7.6 0.112577956915
490.0 7.8 0.107671564817
490.0 8.0 0.10276517272
490.0 8.2 0.0996444165707
490.0 8.4 0.0965236604214
490.0 8.6 0.0934029042721
490.0 8.8 0.0902821481228
495.0 1.0 4.10020303726
495.0 1.2 3.07576704025
495.0 1.4 2.68396496773
495.0 1.6 1.86987769604
495.0 1.8 1.67904746532
495.0 2.0 1.25254178047
495.0 2.2 1.05173552036
495.0 2.4 0.895141363144
495.0 2.6 0.82952105999
495.0 2.8 0.718058824539
495.0 3.0 0.588455975056
495.0 3.2 0.520529389381
495.0 3.4 0.463712990284
495.0 3.6 0.438734292984
495.0 3.8 0.394500464201
495.0 4.0 0.339856922626
495.0 4.2 0.324186593294
495.0 4.4 0.28329589963
495.0 4.6 0.27142727375
495.0 4.8 0.240114524961
495.0 5.0 0.222268417478
495.0 5.2 0.21411922574
495.0 5.4 0.192358791828
495.0 5.6 0.185898274183
495.0 5.8 0.16851863265
495.0 6.0 0.158387616277
495.0 6.2 0.158387616277
495.0 6.4 0.15188355487
495.0 6.6 0.141477056618
495.0 6.8 0.131070558367
495.0 7.0 0.120664060116
495.0 7.2 0.115968650579
495.0 7.4 0.111273241043
495.0 7.6 0.106577831507
495.0 7.8 0.10188242197
495.0 8.0 0.097187012434
495.0 8.2 0.0941938698292
495.0 8.4 0.0912007272243
495.0 8.6 0.0882075846195
495.0 8.8 0.0852144420147
500.0 1.0 3.93184065819
500.0 1.2 2.94697928429
500.0 1.4 2.57064509392
500.0 1.6 1.78939986229
500.0 1.8 1.60641288757
500.0 2.0 1.19765520096
500.0 2.2 1.00531721115
500.0 2.4 0.855372846127
500.0 2.6 0.792552053928
500.0 2.8 0.68585807085
500.0 3.0 0.561845302582
500.0 3.2 0.496862977743
500.0 3.4 0.44250997901
500.0 3.6 0.418619543314
500.0 3.8 0.376308083534
500.0 4.0 0.324036002159
500.0 4.2 0.309050500393
500.0 4.4 0.269941091537
500.0 4.6 0.258593916893
500.0 4.8 0.228653758764
500.0 5.0 0.211592152715
500.0 5.2 0.203799411654
500.0 5.4 0.182987347245
500.0 5.6 0.1768078655
500.0 5.8 0.160187795758
500.0 6.0 0.150495693088
500.0 6.2 0.150495693088
500.0 6.4 0.144274123013
500.0 6.6 0.134319610894
500.0 6.8 0.124365098774
500.0 7.0 0.114410586655
500.0 7.2 0.109917226434
500.0 7.4 0.105423866212
500.0 7.6 0.100930505991
500.0 7.8 0.0964371457696
500.0 8.0 0.0919437855482
500.0 8.2 0.0890731409192
500.0 8.4 0.0862024962902
500.0 8.6 0.0833318516612
500.0 8.8 0.0804612070322
505.0 1.0 3.77050042152
505.0 1.2 2.82368946075
505.0 1.4 2.46222376823
505.0 1.6 1.71247851849
505.0 1.8 1.53700637817
505.0 2.0 1.14524352551
505.0 2.2 0.961004018784
505.0 2.4 0.81743234396
505.0 2.6 0.757287144661
505.0 2.8 0.655158936977
505.0 3.0 0.536488592625
505.0 3.2 0.474323242903
505.0 3.4 0.422327011824
505.0 3.6 0.399475038052
505.0 3.8 0.359001934528
505.0 4.0 0.308996707201
505.0 4.2 0.294664442539
505.0 4.4 0.25726082921
505.0 4.6 0.246405556798
505.0 4.8 0.217779949307
505.0 5.0 0.201466396451
505.0 5.2 0.194014772773
505.0 5.4 0.174109518528
505.0 5.6 0.168199747801
505.0 5.8 0.152303621173
505.0 6.0 0.143033832312
505.0 6.2 0.143033832312
505.0 6.4 0.137082129974
505.0 6.6 0.127559406233
505.0 6.8 0.118036682493
505.0 7.0 0.108513958752
505.0 7.2 0.104213450849
505.0 7.4 0.099912942946
505.0 7.6 0.0956124350429
505.0 7.8 0.0913119271398
505.0 8.0 0.0870114192367
505.0 8.2 0.0842588633299
505.0 8.4 0.0815063074231
505.0 8.6 0.0787537515163
505.0 8.8 0.0760011956096
510.0 1.0 3.61596632004
510.0 1.2 2.70568728447
510.0 1.4 2.35849332809
510.0 1.6 1.63897037506
510.0 1.8 1.47070014477
510.0 2.0 1.09520900249
510.0 2.2 0.918721795082
510.0 2.4 0.781242728233
510.0 2.6 0.723657786846
510.0 2.8 0.625892758369
510.0 3.0 0.512329339981
510.0 3.2 0.452852040529
510.0 3.4 0.403111368418
510.0 3.6 0.381249725819
510.0 3.8 0.342534512281
510.0 4.0 0.294695317745
510.0 4.2 0.280988454819
510.0 4.4 0.245216339827
510.0 4.6 0.234830409288
510.0 4.8 0.20745883882
510.0 5.0 0.191860541701
510.0 5.2 0.18473482132
510.0 5.4 0.165696829557
510.0 5.6 0.160044342279
510.0 5.8 0.144839882851
510.0 6.0 0.135974764824
510.0 6.2 0.135974764824
510.0 6.4 0.130281031132
510.0 6.6 0.121171057224
510.0 6.8 0.112061083317
510.0 7.0 0.102951109409
510.0 7.2 0.0988349214196
510.0 7.4 0.0947187334299
510.0 7.6 0.0906025454402
510.0 7.8 0.0864863574505
510.0 8.0 0.0823701694608
510.0 8.2 0.0797315001488
510.0 8.4 0.0770928308368
510.0 8.6 0.0744541615248
510.0 8.8 0.0718154922128
515.0 1.0 3.46790599823
515.0 1.2 2.59280395508
515.0 1.4 2.259298563
515.0 1.6 1.56872522831
515.0 1.8 1.40735828876
515.0 2.0 1.04744923115
515.0 2.2 0.878384709358
515.0 2.4 0.746728956699
515.0 2.6 0.691595256329
515.0 2.8 0.598000228405
515.0 3.0 0.489316701889
515.0 3.2 0.432404518127
515.0 3.4 0.384819507599
515.0 3.6 0.363905519247
515.0 3.8 0.326869666576
515.0 4.0 0.281100273132
515.0 4.2 0.267990201712
515.0 4.4 0.233776733279
515.0 4.6 0.223841175437
515.0 4.8 0.197662502527
515.0 5.0 0.182748094201
515.0 5.2 0.175934880972
515.0 5.4 0.15772497654
515.0 5.6 0.152317866683
515.0 5.8 0.137775138021
515.0 6.0 0.129295855761
515.0 6.2 0.129295855761
515.0 6.4 0.12384817107
515.0 6.6 0.115131875564
515.0 6.8 0.106415580059
515.0 7.0 0.0976992845535
515.0 7.2 0.093759649992
515.0 7.4 0.0898200154305
515.0 7.6 0.0858803808689
515.0 7.8 0.0819407463074
515.0 8.0 0.0780011117458
515.0 8.2 0.07547224015
515.0 8.4 0.0729433685541
515.0 8.6 0.0704144969583
515.0 8.8 0.0678856253624
520.0 1.0 3.32611584663
520.0 1.2 2.48478317261
520.0 1.4 2.1644423008
520.0 1.6 1.50163435936
520.0 1.8 1.34687066078
520.0 2.0 1.0018645525
520.0 2.2 0.839901447296
520.0 2.4 0.713813185692
520.0 2.6 0.661023855209
520.0 2.8 0.571416974068
520.0 3.0 0.467393606901
520.0 3.2 0.412935495377
520.0 3.4 0.36740604043
520.0 3.6 0.347399950027
520.0 3.8 0.311968326569
520.0 4.0 0.268182218075
520.0 4.2 0.255633503199
520.0 4.4 0.222911000252
520.0 4.6 0.213406741619
520.0 4.8 0.188365861773
520.0 5.0 0.174103707075
520.0 5.2 0.167588055134
520.0 5.4 0.150169625878
520.0 5.6 0.144997924566
520.0 5.8 0.131086960435
520.0 6.0 0.122973814607
520.0 6.2 0.122973814607
520.0 6.4 0.117761742966
520.0 6.6 0.109422428341
520.0 6.8 0.101083113716
520.0 7.0 0.0927437990904
520.0 7.2 0.088972735405
520.0 7.4 0.0852016717196
520.0 7.6 0.0814306080341
520.0 7.8 0.0776595443487
520.0 8.0 0.0738884806633
520.0 8.2 0.0714651502669
520.0 8.4 0.0690418198705
520.0 8.6 0.0666184894741
520.0 8.8 0.0641951590776
525.0 1.0 3.19033956528
525.0 1.2 2.38145661354
525.0 1.4 2.07372975349
525.0 1.6 1.4375525713
525.0 1.8 1.28911614418
525.0 2.0 0.95837777853
525.0 2.2 0.803201258183
525.0 2.4 0.682432591915
525.0 2.6 0.631881058216
525.0 2.8 0.54608798027
525.0 3.0 0.446512699127
525.0 3.2 0.394395023584
525.0 3.4 0.350830405951
525.0 3.6 0.331688284874
525.0 3.8 0.297791659832
525.0 4.0 0.255899906158
525.0 4.2 0.243891969323
525.0 4.4 0.212588012218
525.0 4.6 0.203496441245
525.0 4.8 0.179538488388
525.0 5.0 0.165900498629
525.0 5.2 0.159670218825
525.0 5.4 0.143008604646
525.0 5.6 0.138061285019
525.0 5.8 0.124752976
525.0 6.0 0.116988882422
525.0 6.2 0.116988882422
525.0 6.4 0.112002112485
525.0 6.6 0.104023280586
525.0 6.8 0.0960444486861
525.0 7.0 0.0880656167865
525.0 7.2 0.084455755353
525.0 7.4 0.0808458939195
525.0 7.6 0.077236032486
525.0 7.8 0.0736261710525
525.0 8.0 0.0700163096189
525.0 8.2 0.0676943175495
525.0 8.4 0.06537232548
525.0 8.6 0.0630503334105
525.0 8.8 0.060728341341
530.0 1.0 3.06029605865
530.0 1.2 2.28262758255
530.0 1.4 1.9870095253
530.0 1.6 1.37634181976
530.0 1.8 1.23396170139
530.0 2.0 0.916880726814
530.0 2.2 0.768196880817
530.0 2.4 0.652517795563
530.0 2.6 0.604106545448
530.0 2.8 0.521958887577
530.0 3.0 0.426630318165
530.0 3.2 0.376747995615
530.0 3.4 0.335055738688
530.0 3.6 0.316740512848
530.0 3.8 0.284308731556
530.0 4.0 0.244225472212
530.0 4.2 0.23273614049
530.0 4.4 0.202783584595
530.0 4.6 0.194085896015
530.0 4.8 0.171160906553
530.0 5.0 0.158118337393
530.0 5.2 0.152159914374
530.0 5.4 0.136221751571
530.0 5.6 0.131487995386
530.0 5.8 0.118752278388
530.0 6.0 0.111325077713
530.0 6.2 0.111325077713
530.0 6.4 0.10655348825
530.0 6.6 0.0989189451111
530.0 6.8 0.0912844019717
530.0 7.0 0.0836498588324
530.0 7.2 0.0801939755678
530.0 7.4 0.0767380923033
530.0 7.6 0.0732822090387
530.0 7.8 0.0698263257742
530.0 8.0 0.0663704425097
530.0 8.2 0.0641454771161
530.0 8.4 0.0619205117226
530.0 8.6 0.059695546329
530.0 8.8 0.0574705809355
535.0 1.0 2.93591117859
535.0 1.2 2.18807840347
535.0 1.4 1.90409052372
535.0 1.6 1.31789112091
535.0 1.8 1.1813095808
535.0 2.0 0.87729126215
535.0 2.2 0.734807908535
535.0 2.4 0.623994171619
535.0 2.6 0.577626883984
535.0 2.8 0.498961508274
535.0 3.0 0.407692402601
535.0 3.2 0.359945625067
535.0 3.4 0.320041805506
535.0 3.6 0.302514344454
535.0 3.8 0.271482348442
535.0 4.0 0.233126610518
535.0 4.2 0.22213293612
535.0 4.4 0.193470209837
535.0 4.6 0.185148209333
535.0 4.8 0.163208961487
535.0 5.0 0.150734528899
535.0 5.2 0.14503505826
535.0 5.4 0.129787951708
535.0 5.6 0.125258430839
535.0 5.8 0.113069452345
535.0 6.0 0.105965107679
535.0 6.2 0.105965107679
535.0 6.4 0.101398774005
535.0 6.6 0.0940926401266
535.0 6.8 0.0867865062479
535.0 7.0 0.0794803723693
535.0 7.2 0.076171579957
535.0 7.4 0.0728627875447
535.0 7.6 0.0695539951324
535.0 7.8 0.0662452027202
535.0 8.0 0.0629364103079
535.0 8.2 0.060804438591
535.0 8.4 0.0586724668741
535.0 8.6 0.0565404951572
535.0 8.8 0.0544085234404
540.0 1.0 2.81655168533
540.0 1.2 2.09771990776
540.0 1.4 1.8248077631
540.0 1.6 1.26206231117
540.0 1.8 1.13103652
540.0 2.0 0.839522123337
540.0 2.2 0.702969014645
540.0 2.4 0.596805155277
540.0 2.6 0.5523904562
540.0 2.8 0.47705167532
540.0 3.0 0.389658331871
540.0 3.2 0.34394967556
540.0 3.4 0.305752635002
540.0 3.6 0.288975536823
540.0 3.8 0.259279668331
540.0 4.0 0.222572416067
540.0 4.2 0.21205304563
540.0 4.4 0.184619918466
540.0 4.6 0.176657348871
540.0 4.8 0.1556597054
540.0 5.0 0.143724039197
540.0 5.2 0.138273686171
540.0 5.4 0.12368696183
540.0 5.6 0.119352176785
540.0 5.8 0.107686027884
540.0 6.0 0.100889839232
540.0 6.2 0.100889839232
540.0 6.4 0.0965194070134
540.0 6.6 0.0895267154636
540.0 6.8 0.0825340239138
540.0 7.0 0.0755413323641
540.0 7.2 0.0723728828132
540.0 7.4 0.0692044332623
540.0 7.6 0.0660359837115
540.0 7.8 0.0628675341606
540.0 8.0 0.0596990846097
540.0 8.2 0.057656416297
540.0 8.4 0.0556137479842
540.0 8.6 0.0535710796714
540.0 8.8 0.0515284113586
545.0 1.0 2.70246267319
545.0 1.2 2.01114082336
545.0 1.4 1.74897885323
545.0 1.6 1.20873832703
545.0 1.8 1.08302891254
545.0 2.0 0.803478658199
545.0 2.2 0.672599613667
545.0 2.4 0.57088047266
545.0 2.6 0.528333127499
545.0 2.8 0.456172466278
545.0 3.0 0.372483849525
545.0 3.2 0.328721642494
545.0 3.4 0.292153298855
545.0 3.6 0.276092797518
545.0 3.8 0.247670665383
545.0 4.0 0.212537437677
545.0 4.2 0.202469974756
545.0 4.4 0.176212146878
545.0 4.6 0.168592274189
545.0 4.8 0.148495018482
545.0 5.0 0.137070611119
545.0 5.2 0.131857082248
545.0 5.4 0.117902010679
545.0 5.6 0.113750718534
545.0 5.8 0.102587111294
545.0 6.0 0.0960829332471
545.0 6.2 0.0960829332471
545.0 6.4 0.0918996519056
545.0 6.6 0.0852064017592
545.0 6.8 0.0785131516128
545.0 7.0 0.0718199014664
545.0 7.2 0.0687856040895
545.0 7.4 0.0657513067126
545.0 7.6 0.0627170093358
545.0 7.8 0.0596827119589
545.0 8.0 0.056648414582
545.0 8.2 0.0546911664307
545.0 8.4 0.0527339182794
545.0 8.6 0.0507766701281
545.0 8.8 0.0488194219768
550.0 1.0 2.59322738647
550.0 1.2 1.92845475674
550.0 1.4 1.67655932903
550.0 1.6 1.15779423714
550.0 1.8 1.03717005253
550.0 2.0 0.769104599953
550.0 2.2 0.64363181591
550.0 2.4 0.546159446239
550.0 2.6 0.505395293236
550.0 2.8 0.436270743608
550.0 3.0 0.356121838093
550.0 3.2 0.314217507839
550.0 3.4 0.279205739498
550.0 3.6 0.263829708099
550.0 3.8 0.236621931195
550.0 4.0 0.202992618084
550.0 4.2 0.193355605006
550.0 4.4 0.168224528432
550.0 4.6 0.160927712917
550.0 4.8 0.141691580415
550.0 5.0 0.130753293633
550.0 5.2 0.125765264034
550.0 5.4 0.112411662936
550.0 5.6 0.108438387513
550.0 5.8 0.097754329443
550.0 6.0 0.0915292277932
550.0 6.2 0.0915292277932
550.0 6.4 0.087524581829
550.0 6.6 0.0811171482863
550.0 6.8 0.0747097147436
550.0 7.0 0.0683022812009
550.0 7.2 0.0653962858021
550.0 7.4 0.0624902904034
550.0 7.6 0.0595842950046
550.0 7.8 0.0566782996058
550.0 8.0 0.0537723042071
550.0 8.2 0.0518964901567
550.0 8.4 0.0500206761062
550.0 8.6 0.0481448620558
550.0 8.8 0.0462690480053
555.0 1.0 2.48867821693
555.0 1.2 1.84936928749
555.0 1.4 1.60731625557
555.0 1.6 1.10918033123
555.0 1.8 0.993431925774
555.0 2.0 0.736271560192
555.0 2.2 0.615992128849
555.0 2.4 0.522576034069
555.0 2.6 0.483517736197
555.0 2.8 0.417301952839
555.0 3.0 0.34055685997
555.0 3.2 0.300422698259
555.0 3.4 0.266885638237
555.0 3.6 0.252158790827
555.0 3.8 0.226106435061
555.0 4.0 0.193913981318
555.0 4.2 0.184688016772
555.0 4.4 0.160631582141
555.0 4.6 0.153645560145
555.0 4.8 0.135229736567
555.0 5.0 0.124755360186
555.0 5.2 0.119981609285
555.0 5.4 0.107201993465
555.0 5.6 0.103399865329
555.0 5.8 0.0931727513671
555.0 6.0 0.0872144028544
555.0 6.2 0.0872144028544
555.0 6.4 0.0833802788422
555.0 6.6 0.0772456804226
555.0 6.8 0.071111082003
555.0 7.0 0.0649764835835
555.0 7.2 0.0621929809451
555.0 7.4 0.0594094783068
555.0 7.6 0.0566259756684
555.0 7.8 0.0538424730301
555.0 8.0 0.0510589703918
555.0 8.2 0.0492611244321
555.0 8.4 0.0474632784724
555.0 8.6 0.0456654325128
555.0 8.8 0.0438675865531
560.0 1.0 2.38860559464
560.0 1.2 1.77374899387
560.0 1.4 1.54112935066
560.0 1.6 1.06274628639
560.0 1.8 0.951660752296
560.0 2.0 0.704974770546
560.0 2.2 0.589651107788
560.0 2.4 0.500112593174
560.0 2.6 0.46268299222
560.0 2.8 0.399226784706
560.0 3.0 0.325686305761
560.0 3.2 0.287249952555
560.0 3.4 0.255142331123
560.0 3.6 0.24104295671
560.0 3.8 0.216097593307
560.0 4.0 0.18527777493
560.0 4.2 0.176442548633
560.0 4.4 0.153411313891
560.0 4.6 0.146723687649
560.0 4.8 0.12908962369
560.0 5.0 0.119058564305
560.0 5.2 0.114487722516
560.0 5.4 0.102256849408
560.0 5.6 0.0986182391644
560.0 5.8 0.088828034699
560.0 6.0 0.0831241384149
560.0 6.2 0.0831241384149
560.0 6.4 0.0794526894802
560.0 6.6 0.0735783711847
560.0 6.8 0.0677040528891
560.0 7.0 0.0618297345936
560.0 7.2 0.059163377434
560.0 7.4 0.0564970202744
560.0 7.6 0.0538306631148
560.0 7.8 0.0511643059552
560.0 8.0 0.0484979487956
560.0 8.2 0.0467746950686
560.0 8.4 0.0450514413416
560.0 8.6 0.0433281876147
560.0 8.8 0.0416049338877
565.0 1.0 2.29280233383
565.0 1.2 1.7014323473
565.0 1.4 1.47786021233
565.0 1.6 1.01840388775
565.0 1.8 0.911782264709
565.0 2.0 0.675108194351
565.0 2.2 0.564521551132
565.0 2.4 0.478687852621
565.0 2.6 0.442814290524
565.0 2.8 0.382003903389
565.0 3.0 0.311544299126
565.0 3.2 0.27472576499
565.0 3.4 0.243972525001
565.0 3.6 0.230468288064
565.0 3.8 0.206576675177
565.0 4.0 0.177066639066
565.0 4.2 0.168605193496
565.0 4.4 0.146550953388
565.0 4.6 0.140148147941
565.0 4.8 0.123261004686
565.0 5.0 0.113652929664
565.0 5.2 0.109275765717
565.0 5.4 0.0975673124194
565.0 5.6 0.0940848737955
565.0 5.8 0.0847117826343
565.0 6.0 0.0792505219579
565.0 6.2 0.0792505219579
565.0 6.4 0.0757341163939
565.0 6.6 0.0701078674917
565.0 6.8 0.0644816185894
565.0 7.0 0.0588553696871
565.0 7.2 0.0563009172678
565.0 7.4 0.0537464648485
565.0 7.6 0.0511920124292
565.0 7.8 0.04863756001
565.0 8.0 0.0460831075907
565.0 8.2 0.0444310620427
565.0 8.4 0.0427790164948
565.0 8.6 0.0411269709468
565.0 8.8 0.0394749253988
570.0 1.0 2.20110011101
570.0 1.2 1.63226521015
570.0 1.4 1.4173746109
570.0 1.6 0.976056098938
570.0 1.8 0.873707473278
570.0 2.0 0.646614015102
570.0 2.2 0.540553867817
570.0 2.4 0.458257913589
570.0 2.6 0.423871427774
570.0 2.8 0.365587472916
570.0 3.0 0.298069030046
570.0 3.2 0.262795299292
570.0 3.4 0.233335405588
570.0 3.6 0.220398724079
570.0 3.8 0.197513073683
570.0 4.0 0.169252753258
570.0 4.2 0.161148875952
570.0 4.4 0.140026301146
570.0 4.6 0.133895576
570.0 4.8 0.117721363902
570.0 5.0 0.108518518507
570.0 5.2 0.104325093329
570.0 5.4 0.0931141003966
570.0 5.6 0.0897811576724
570.0 5.8 0.0808063596487
570.0 6.0 0.075576685369
570.0 6.2 0.075576685369
570.0 6.4 0.0722084834144
570.0 6.6 0.066819360287
570.0 6.8 0.0614302371596
570.0 7.0 0.0560411140323
570.0 7.2 0.0535934634507
570.0 7.4 0.0511458128691
570.0 7.6 0.0486981622875
570.0 7.8 0.0462505117059
570.0 8.0 0.0438028611243
570.0 8.2 0.0422189220786
570.0 8.4 0.0406349830329
570.0 8.6 0.0390510439873
570.0 8.8 0.0374671049416
575.0 1.0 2.11332082748
575.0 1.2 1.56611692905
575.0 1.4 1.35954368114
575.0 1.6 0.935608208179
575.0 1.8 0.837350547314
575.0 2.0 0.619423687458
575.0 2.2 0.517690956593
575.0 2.4 0.438776791096
575.0 2.6 0.405809849501
575.0 2.8 0.349941551685
575.0 3.0 0.285231560469
575.0 3.2 0.251431554556
575.0 3.4 0.223206803203
575.0 3.6 0.210812538862
575.0 3.8 0.188887178898
575.0 4.0 0.161818474531
575.0 4.2 0.154055640101
575.0 4.4 0.133822083473
575.0 4.6 0.127950251102
575.0 4.8 0.112457334995
575.0 5.0 0.103642009199
575.0 5.2 0.099623337388
575.0 5.4 0.0888869836926
575.0 5.6 0.0856949239969
575.0 5.8 0.0771015360951
575.0 6.0 0.0720925480127
575.0 6.2 0.0720925480127
575.0 6.4 0.0688658974551
575.0 6.6 0.0637032565629
575.0 6.8 0.0585406156706
575.0 7.0 0.0533779747784
575.0 7.2 0.0510323338211
575.0 7.4 0.0486866928637
575.0 7.6 0.0463410519063
575.0 7.8 0.043995410949
575.0 8.0 0.0416497699916
575.0 8.2 0.0401309803128
575.0 8.4 0.038612190634
575.0 8.6 0.0370934009552
575.0 8.8 0.0355746112764
580.0 1.0 2.02930474281
580.0 1.2 1.50285255909
580.0 1.4 1.30425906181
580.0 1.6 0.896969497204
580.0 1.8 0.802627503872
580.0 2.0 0.593471169472
580.0 2.2 0.495878905058
580.0 2.4 0.420196920633
580.0 2.6 0.38858678937
580.0 2.8 0.335026741028
580.0 3.0 0.272998422384
580.0 3.2 0.240605533123
580.0 3.4 0.213559761643
580.0 3.6 0.20168377459
580.0 3.8 0.18067510426
580.0 4.0 0.154741168022
580.0 4.2 0.147306412458
580.0 4.4 0.127920612693
580.0 4.6 0.122296407819
580.0 4.8 0.10745614022
580.0 5.0 0.0990094467998
580.0 5.2 0.0951576903462
580.0 5.4 0.0848735570908
580.0 5.6 0.0818153917789
580.0 5.8 0.0735858976841
580.0 6.0 0.068787381053
580.0 6.2 0.068787381053
580.0 6.4 0.0656959341261
580.0 6.6 0.0607496190431
580.0 6.8 0.0558033039601
580.0 7.0 0.0508569888771
580.0 7.2 0.0486087433994
580.0 7.4 0.0463604979217
580.0 7.6 0.044112252444
580.0 7.8 0.0418640069664
580.0 8.0 0.0396157614887
580.0 8.2 0.038159430027
580.0 8.4 0.0367030985653
580.0 8.6 0.0352467671037
580.0 8.8 0.033790435642
585.0 1.0 1.9488658905
585.0 1.2 1.44235086441
585.0 1.4 1.25140404701
585.0 1.6 0.860061228275
585.0 1.8 0.769467890263
585.0 2.0 0.56870251894
585.0 2.2 0.475067704916
585.0 2.4 0.402473926544
585.0 2.6 0.372159510851
585.0 2.8 0.320803791285
585.0 3.0 0.261337310076
585.0 3.2 0.230288520455
585.0 3.4 0.204369142652
585.0 3.6 0.192987680435
585.0 3.8 0.172854706645
585.0 4.0 0.148004099727
585.0 4.2 0.140882536769
585.0 4.4 0.122306540608
585.0 4.6 0.116918250918
585.0 4.8 0.102701283991
585.0 5.0 0.0946064591408
585.0 5.2 0.0909153744578
585.0 5.4 0.0810616016388
585.0 5.6 0.0781314969063
585.0 5.8 0.0702484622598
585.0 6.0 0.065651036799
585.0 6.2 0.065651036799
585.0 6.4 0.0626887643132
585.0 6.6 0.0579491283359
585.0 6.8 0.0532094923587
585.0 7.0 0.0484698563814
585.0 7.2 0.0463146410882
585.0 7.4 0.0441594257951
585.0 7.6 0.0420042105019
585.0 7.8 0.0398489952087
585.0 8.0 0.0376937799156
585.0 8.2 0.0362971231341
585.0 8.4 0.0349004663527
585.0 8.6 0.0335038095713
585.0 8.8 0.0321071527898
590.0 1.0 1.87185060978
590.0 1.2 1.38447153568
590.0 1.4 1.20086550713
590.0 1.6 0.824803590775
590.0 1.8 0.737798631191
590.0 2.0 0.545060753822
590.0 2.2 0.45520991087
590.0 2.4 0.3855689466
590.0 2.6 0.356492727995
590.0 2.8 0.307243019342
590.0 3.0 0.250223308802
590.0 3.2 0.22045750916
590.0 3.4 0.195612967014
590.0 3.6 0.184704452753
590.0 3.8 0.165407389402
590.0 4.0 0.141590848565
590.0 4.2 0.134766533971
590.0 4.4 0.116965405643
590.0 4.6 0.11180126667
590.0 4.8 0.098179936409
590.0 5.0 0.090420819819
590.0 5.2 0.086883507669
590.0 5.4 0.0774403810501
590.0 5.6 0.0746324434876
590.0 5.8 0.0670799538493
590.0 6.0 0.0626744404435
590.0 6.2 0.0626744404435
590.0 6.4 0.0598354667168
590.0 6.6 0.0552931087541
590.0 6.8 0.0507507507914
590.0 7.0 0.0462083928287
590.0 7.2 0.0441421858966
590.0 7.4 0.0420759789646
590.0 7.6 0.0400097720325
590.0 7.8 0.0379435651004
590.0 8.0 0.0358773581684
590.0 8.2 0.0345375910401
590.0 8.4 0.0331978239119
590.0 8.6 0.0318580567837
590.0 8.8 0.0305182896554
595.0 1.0 1.79808950424
595.0 1.2 1.32910299301
595.0 1.4 1.15252995491
595.0 1.6 0.79111379385
595.0 1.8 0.70754724741
595.0 2.0 0.522494077682
595.0 2.2 0.436261147261
595.0 2.4 0.369442045689
595.0 2.6 0.341549009085
595.0 2.8 0.294310420752
595.0 3.0 0.239629000425
595.0 3.2 0.211087971926
595.0 3.4 0.187269374728
595.0 3.6 0.176812633872
595.0 3.8 0.158313885331
595.0 4.0 0.135484561324
595.0 4.2 0.128943428397
595.0 4.4 0.111882552505
595.0 4.6 0.10693231225
595.0 4.8 0.0938794016838
595.0 5.0 0.0864425003529
595.0 5.2 0.0830507278442
595.0 5.4 0.0739999562502
595.0 5.6 0.0713084936142
595.0 5.8 0.0640712752938
595.0 6.0 0.0598484687507
595.0 6.2 0.0598484687507
595.0 6.4 0.0571272720037
595.0 6.6 0.0527733572084
595.0 6.8 0.0484194424132
595.0 7.0 0.0440655276179
595.0 7.2 0.0420843750238
595.0 7.4 0.0401032224298
595.0 7.6 0.0381220698357
595.0 7.8 0.0361409172416
595.0 8.0 0.0341597646475
595.0 8.2 0.0328744210303
595.0 8.4 0.0315890774131
595.0 8.6 0.0303037337959
595.0 8.8 0.0290183901787
